0 # matter index://start from 0
0.104055920000000
0.104055470000000
0.104054800000000
0.104054000000000
0.104053090000000
0.104051780000000
0.104049320000000
0.104044290000000
0.104034370000000
0.104016250000000
0.103985420000000
0.103936090000000
0.103861160000000
0.103752170000000
0.103599340000000
0.103391630000000
0.103116820000000
0.102761650000000
0.102311930000000
0.101752770000000
0.101068730000000
0.100244090000000
0.0992631280000000
0.0981104360000000
0.0967713260000000
0.0952322630000000
0.0934813700000000
0.0915090050000000
0.0893083830000000
0.0868762740000000
0.0842137810000000
0.0813273360000000
0.0782303380000000
0.0749472570000000
0.0715298400000000
0.0681735670000000
1
1
1
1
1
1
1
1
0.212314970000000
0.212284560000000
0.212230050000000
0.212151730000000
0.212050050000000
0.211925580000000
0.211779040000000
0.211611250000000
0.211423150000000
0.211215770000000
0.210990250000000
0.210747800000000
0.210489710000000
0.210217310000000
0.209931980000000
0.209635150000000
0.209328210000000
0.209012600000000
0.208689700000000
0.208360880000000
0.208027450000000
0.207690650000000
0.207351640000000
0.207011480000000
0.206671140000000
0.206331460000000
0.205993130000000
0.205656740000000
0.205322710000000
0.204991340000000
0.204662760000000
0.204336970000000
0.204013820000000
0.203693040000000
0.203374210000000
0.203056820000000
0.202740250000000
0.202423790000000
0.202106670000000
0.201788070000000
0.201467140000000
0.201143040000000
0.200814950000000
0.200482070000000
0.200143710000000
0.199799250000000
0.199448210000000
0.199090260000000
0.198725240000000
0.198353180000000
0.197974380000000
0.197589320000000
0.197198790000000
0.196803850000000
0.196405830000000
0.196006370000000
0.195607400000000
0.195211130000000
0.194820040000000
0.194436880000000
0.194064590000000
0.193706300000000
0.193365280000000
0.193044830000000
0.192748280000000
0.192478890000000
0.192239760000000
0.192033740000000
0.191863420000000
0.191730970000000
0.191638130000000
0.191586110000000
1
1
1
1
1
1
1
1
1
1
1
1
1
1
1
1
1
1


1 # matter index:
0.895944080000000
0.895944530000000
0.895945200000000
0.895946000000000
0.895946910000000
0.895948220000000
0.895950680000000
0.895955710000000
0.895965630000000
0.895983750000000
0.896014580000000
0.896063910000000
0.896138840000000
0.896247830000000
0.896400660000000
0.896608370000000
0.896883180000000
0.897238350000000
0.897688070000000
0.898247230000000
0.898931270000000
0.899755910000000
0.900736870000000
0.901889560000000
0.903228670000000
0.904767740000000
0.906518630000000
0.908490990000000
0.910691620000000
0.913123730000000
0.915786220000000
0.918672660000000
0.921769660000000
0.925052740000000
0.928470160000000
0.931826430000000
0
0
0
0
0
0
0
0
0.787685030000000
0.787715440000000
0.787769950000000
0.787848270000000
0.787949950000000
0.788074420000000
0.788220960000000
0.788388750000000
0.788576850000000
0.788784230000000
0.789009750000000
0.789252200000000
0.789510290000000
0.789782690000000
0.790068020000000
0.790364850000000
0.790671790000000
0.790987400000000
0.791310300000000
0.791639120000000
0.791972550000000
0.792309350000000
0.792648360000000
0.792988520000000
0.793328860000000
0.793668540000000
0.794006870000000
0.794343260000000
0.794677290000000
0.795008660000000
0.795337240000000
0.795663030000000
0.795986180000000
0.796306960000000
0.796625790000000
0.796943180000000
0.797259750000000
0.797576210000000
0.797893330000000
0.798211930000000
0.798532860000000
0.798856960000000
0.799185050000000
0.799517930000000
0.799856290000000
0.800200750000000
0.800551790000000
0.800909740000000
0.801274760000000
0.801646820000000
0.802025620000000
0.802410680000000
0.802801210000000
0.803196150000000
0.803594170000000
0.803993630000000
0.804392600000000
0.804788870000000
0.805179960000000
0.805563120000000
0.805935410000000
0.806293700000000
0.806634720000000
0.806955170000000
0.807251720000000
0.807521110000000
0.807760240000000
0.807966260000000
0.808136580000000
0.808269030000000
0.808361870000000
0.808413890000000
0
0
0
0
0
0
0
0
0
0
0
0
0
0
0
0
0
0