Number of matter=
2
Number of bands=
134

# Matter 1: 
1878.09540000000	4.71652390000000e-05	0.00221397845824893	1.08392709760830e-15	2.53463858194788e-09
1877.97700000000	1.70418300000000e-06	0.142212280121160	1.92694621605403e-12	1.62809502811045e-07
1877.72940000000	2.83722920000000e-07	1.33503120491672	1.08653999783489e-10	1.52838957735957e-06
1877.29210000000	8.29666000000000e-08	6.17794354171898	1.71944925894876e-09	7.07272195878612e-06
1876.57450000000	3.26120890000000e-08	19.7105822931429	1.39562762640291e-08	2.25653516034534e-05
1875.45380000000	1.53952790000000e-08	49.9294611127397	7.48890009695950e-08	5.71609619961294e-05
1873.77200000000	8.23523080000000e-09	108.006339362843	3.02846245412698e-07	0.000123649366968338
1871.33350000000	4.82499510000000e-09	208.190772380426	9.96353204382571e-07	0.000238343946895632
1867.90350000000	3.03031640000000e-09	367.409754053685	2.79969955148688e-06	0.000420623305768292
1863.20750000000	2.01062880000000e-09	604.607652345230	6.94369222381700e-06	0.000692175606707212
1856.93250000000	1.39497100000000e-09	939.893781511990	1.55583063676701e-05	0.00107602268336313
1848.72880000000	1.00442660000000e-09	1393.57996500051	3.20377796900820e-05	0.00159541820886259
1838.21450000000	7.46320600000000e-10	1985.19336065018	6.14223045373700e-05	0.00227271754419436
1824.98050000000	5.69748760000000e-10	2732.54668375356	0.000110747243074972	0.00312831329763407
1808.59730000000	4.45342240000000e-10	3650.92970366972	0.000189303351891881	0.00417970972229774
1788.62170000000	3.55433830000000e-10	4752.46774901419	0.000308751544729302	0.00544078831084994
1764.60520000000	2.89006140000000e-10	6045.67243886693	0.000483043525614254	0.00692129345715980
1736.10140000000	2.38970080000000e-10	7535.18686164099	0.000728113728658898	0.00862654072831751
1702.67430000000	2.00636990000000e-10	9221.71678536666	0.00106132769817976	0.0105573381118050
1663.90530000000	1.70829410000000e-10	11102.1152834143	0.00150069285168961	0.0127100828979300
1619.40060000000	1.47346880000000e-10	13169.5930667465	0.00206385952245064	0.0150770024754125
1568.79680000000	1.28635730000000e-10	15414.0281517974	0.00276696238022868	0.0176465088498091
1511.76710000000	1.13579740000000e-10	17822.3186821462	0.00362336476670911	0.0204036025658833
1448.02530000000	1.01364410000000e-10	20378.7704986908	0.00464238552729758	0.0233303164112518
1377.33020000000	9.13870950000000e-11	23065.4684496198	0.00582808838286242	0.0264061405047937
1299.48900000000	8.31963410000000e-11	25862.6085768387	0.00717822096132793	0.0296084025950812
1214.36010000000	7.64503490000000e-11	28748.7577289233	0.00868337051971707	0.0329125652742048
1121.85590000000	7.08879950000000e-11	31700.9372337467	0.0103263806862911	0.0362923217690713
1021.94620000000	6.63083820000000e-11	34694.4516931760	0.0120820414041818	0.0397193999396915
914.662510000000	6.25562390000000e-11	37702.1064016909	0.0139169384538431	0.0431626663531364
800.107170000000	5.95113850000000e-11	40692.0137599639	0.0157891171522467	0.0465856149904607
678.472270000000	5.70810800000000e-11	43621.5079585681	0.0176464445270993	0.0499394005676011
550.089620000000	5.51944500000000e-11	46418.2573478389	0.0194196833426485	0.0531412153276650
415.587190000000	5.37984370000000e-11	48907.8367673922	0.0209921788494821	0.0559913713561089
276.547590000000	5.28548830000000e-11	50417.0452677063	0.0220262719100272	0.0577191650836618
140.270180000000	5.23383590000000e-11	45583.5179146369	0.0201111293454041	0.0521855769539563
1	1	1	0	0
1	1	1	0	0
1	1	1	0	0
1	1	1	0	0
1	1	1	0	0
1	1	1	0	0
1	1	1	0	0
1	1	1	0	0
4252.83230000000	9.71922260000000e-05	3.22355949435336e-05	7.65866164701258e-18	3.69044162789851e-11
4251.37290000000	3.50368080000000e-06	0.00208136273768492	1.37174050907739e-14	2.38281555012840e-09
4248.75480000000	5.80900880000000e-07	0.0197214084399121	7.83943232499205e-13	2.25777457481176e-08
4244.99030000000	1.68853890000000e-07	0.0924907867024922	1.26484155473841e-11	1.05886629374101e-07
4240.09780000000	6.58549200000000e-08	0.300268773408607	1.05286009477462e-10	3.43758005051939e-07
4234.10070000000	3.07894170000000e-08	0.777032605748925	5.82755658970534e-10	8.89573615598964e-07
4227.02780000000	1.62815900000000e-08	1.72375894656350	2.44471614779368e-09	1.97341844752784e-06
4218.91230000000	9.41298750000000e-09	3.42022636539128	8.39027297379824e-09	3.91559261672879e-06
4209.79190000000	5.82276290000000e-09	6.23546620147325	2.47279745695810e-08	7.13857587538870e-06
4199.70790000000	3.79823160000000e-09	10.6366020154348	6.46651350967527e-08	1.21771473198834e-05
4188.70500000000	2.58592600000000e-09	17.1958182058734	1.53551998937821e-07	1.96863633023967e-05
4176.83060000000	1.82371100000000e-09	26.5951893993442	3.36740840847452e-07	3.04470862824492e-05
4164.13420000000	1.32472440000000e-09	39.6291215761539	6.90776623609327e-07	4.53687795115526e-05
4150.66680000000	9.86751760000000e-10	57.2041587615573	1.33865423325608e-06	6.54892857266512e-05
4136.48030000000	7.51083570000000e-10	80.3359467692218	2.46984885239087e-06	9.19713511393552e-05
4121.62670000000	5.82569860000000e-10	110.143154405637	4.36574354110991e-06	0.000126095666221962
4106.15740000000	4.59401060000000e-10	147.838269528945	7.43093734649815e-06	0.000169250328719478
4090.12250000000	3.67617980000000e-10	194.715099736073	1.22307083205370e-05	0.000222916534006940
4073.57030000000	2.98038950000000e-10	252.133110299335	1.95346474929509e-05	0.000288650644621295
4056.54630000000	2.44477050000000e-10	321.498522863821	3.03661412264182e-05	0.000368062551400973
4039.09300000000	2.02672530000000e-10	404.242425491962	4.60570082921083e-05	0.000462790613113055
4021.24890000000	1.69635270000000e-10	501.796218862743	6.83061727629033e-05	0.000574473546418791
4003.04820000000	1.43229400000000e-10	615.564501909249	9.92407680341277e-05	0.000704719384420174
3984.52030000000	1.21904880000000e-10	746.896142570451	0.000141477653221131	0.000855072357462954
3965.68950000000	1.04520450000000e-10	897.053798526850	0.000198182791233026	0.00102697799942795
3946.57460000000	9.02246880000000e-11	1067.18258295245	0.000273125382084953	0.00122174727520765
3927.18880000000	7.83745760000000e-11	1258.27852958306	0.000370723659864184	0.00144052047843335
3907.53940000000	6.84790590000000e-11	1471.15747032532	0.000496078150993637	0.00168423160149291
3887.62850000000	6.01592020000000e-11	1706.42487781950	0.000654988732915900	0.00195357381026094
3867.45220000000	5.31197650000000e-11	1964.44773709960	0.000853951206020330	0.00224896724180910
3847.00160000000	4.71286450000000e-11	2245.32844353750	0.00110012908490711	0.00257052912187606
3826.26310000000	4.20018390000000e-11	2548.88174391043	0.00140129671190400	0.00291804736620955
3805.21850000000	3.75923290000000e-11	2874.61507404972	0.00176574988990419	0.00329095807043131
3783.84600000000	3.37817790000000e-11	3221.71251703315	0.00220218089239066	0.00368832714482469
3762.12080000000	3.04742840000000e-11	3589.02258069954	0.00271951464744088	0.00410883632161356
3740.01600000000	2.75916050000000e-11	3975.05005771323	0.00332670553001395	0.00455077383608458
3717.50300000000	2.50695250000000e-11	4377.95268703573	0.00403249354229302	0.00501203060452520
3694.55340000000	2.28550270000000e-11	4795.54007362105	0.00484511966692957	0.00549009898745385
3671.13900000000	2.09041040000000e-11	5225.27908340001	0.00577200443206270	0.00598207896598323
3647.23360000000	1.91800340000000e-11	5664.30011872068	0.00681939121015792	0.00648468532616010
3622.81370000000	1.76520230000000e-11	6109.40857446025	0.00799196195045934	0.00699426077431556
3597.85990000000	1.62941320000000e-11	6557.09912245028	0.00929242876959558	0.00750679229036582
3572.35780000000	1.50844090000000e-11	7003.57210921772	0.0107211167959429	0.00801792990050918
3546.29930000000	1.40042030000000e-11	7444.75387738583	0.0122755417919812	0.00852300994186392
3519.68360000000	1.30376030000000e-11	7876.31797957738	0.0139500000966093	0.00901707934887322
3492.51820000000	1.21709870000000e-11	8293.71117143283	0.0157351841746562	0.00949492541100516
3464.82030000000	1.13926490000000e-11	8692.17983877227	0.0176178418857285	0.00995110602747543
3436.61740000000	1.06924990000000e-11	9066.80091841302	0.0195804912602615	0.0103799851064613
3407.94830000000	1.00618100000000e-11	9412.51588459759	0.0216012225872126	0.0107757714739318
3378.86420000000	9.49301730000000e-12	9724.16927233868	0.0236535842951977	0.0111325629764960
3349.42880000000	8.97954060000000e-12	9996.54868185427	0.0257066029059659	0.0114443922798544
3319.71940000000	8.51564650000000e-12	10224.4385150210	0.0277249368075656	0.0117052883881368
3289.82720000000	8.09632680000000e-12	10402.6721440520	0.0296691841161509	0.0119093363683957
3259.85730000000	7.71719860000000e-12	10526.1932950596	0.0314963614738337	0.0120507476246182
3229.92890000000	7.37441980000000e-12	10590.1330120981	0.0331605923776833	0.0121239480088048
3200.17510000000	7.06461810000000e-12	10589.8880073694	0.0346139689458397	0.0121236675189762
3170.74230000000	6.78483020000000e-12	10521.2160328952	0.0358076382114282	0.0120450494839397
3141.78940000000	6.53245090000000e-12	10380.3356278963	0.0366930627670296	0.0118837647575141
3113.48670000000	6.30518900000000e-12	10164.0392259227	0.0372234776620848	0.0116361412074583
3086.01440000000	6.10103010000000e-12	9869.81633770096	0.0373555061829456	0.0112993047394247
3059.56080000000	5.91820510000000e-12	9495.97564794281	0.0370508608050058	0.0108713190775803
3034.31960000000	5.75516270000000e-12	9041.77543933514	0.0362781250171169	0.0103513350784693
3010.48770000000	5.61054640000000e-12	8507.54272293662	0.0350144817242485	0.00973972711558360
2988.26190000000	5.48317420000000e-12	7894.78958382478	0.0332473655126879	0.00903822627585505
2967.83550000000	5.37202260000000e-12	7206.30267624495	0.0309758612478006	0.00825002281677622
2949.39480000000	5.27621120000000e-12	6446.20908999770	0.0282118092563014	0.00737984157250289
2933.11520000000	5.19499130000000e-12	5620.00590867262	0.0249804737075301	0.00643397579313532
2919.15720000000	5.12773570000000e-12	4734.54473005071	0.0213206928608285	0.00542026942314326
2907.66310000000	5.07393000000000e-12	3797.96815437303	0.0172844501981641	0.00434804439095446
2898.75310000000	5.03316600000000e-12	2819.59987866464	0.0129358494080474	0.00322797478516181
2892.52220000000	5.00513590000000e-12	1809.84744119387	0.00834977583528214	0.00207197551303991
2889.03640000000	4.98962320000000e-12	781.189988766806	0.00361524422254040	0.000894333130470392
1	1	1	0	0
1	1	1	0	0
1	1	1	0	0
1	1	1	0	0
1	1	1	0	0
1	1	1	0	0
1	1	1	0	0
1	1	1	0	0
1	1	1	0	0
1	1	1	0	0
1	1	1	0	0
1	1	1	0	0
1	1	1	0	0
1	1	1	0	0
1	1	1	0	0
1	1	1	0	0
1	1	1	0	0
1	1	1	0	0

# Matter 2: 
5510.93090000000	0.000154595490000000	8.76298214858478e-05	1.01328096187173e-17	6.26293272135516e-11
5510.60850000000	5.58588150000000e-06	0.00562874562506428	1.80133579971587e-14	4.02288336980044e-09
5509.91780000000	9.29979920000000e-07	0.0528396516530399	1.01568993898486e-12	3.77646761925993e-08
5508.67390000000	2.71952480000000e-07	0.244515088806345	1.60726473778029e-11	1.74755753758741e-07
5506.62160000000	1.06903390000000e-07	0.780104380752126	1.30447576653074e-10	5.57543216389417e-07
5503.44630000000	5.04711230000000e-08	1.97603722688552	6.99885393792695e-10	1.41228043114021e-06
5498.78830000000	2.70023310000000e-08	4.27419326776396	2.82961712635020e-09	3.05478025861299e-06
5492.25860000000	1.58244550000000e-08	8.23746113486605	9.30549313318016e-09	5.88734109092941e-06
5483.45560000000	9.94195610000000e-09	14.5323642543307	2.61299879780208e-08	1.03863294554125e-05
5471.98240000000	6.59967650000000e-09	23.8996339130824	6.47356296785376e-08	1.70811484862864e-05
5457.46300000000	4.58170090000000e-09	37.1143151840444	1.44806978994290e-07	2.65257254956728e-05
5439.55850000000	3.30158640000000e-09	54.9374937203894	2.97454779780130e-07	3.92640109515957e-05
5417.98150000000	2.45556840000000e-09	78.0619391313056	5.68279612337301e-07	5.57911296163996e-05
5392.50840000000	1.87679580000000e-09	107.054291302505	1.01967514662785e-06	7.65120609161834e-05
5362.99090000000	1.46900490000000e-09	142.296138604436	1.73158831617024e-06	0.000101699527338663
5329.36460000000	1.17428720000000e-09	183.926718592125	2.79991773766001e-06	0.000131453042431239
5291.65580000000	9.56530470000000e-10	231.789740517918	4.33181774972818e-06	0.000165660904672565
5249.98630000000	7.92498660000000e-10	285.386977920248	6.43739846487945e-06	0.000203967029940149
5204.57600000000	6.66823690000000e-10	343.841925245743	9.21770034128324e-06	0.000245744976776325
5155.74370000000	5.69090960000000e-10	405.876015742188	1.27493040276921e-05	0.000290080949236618
5103.90560000000	4.92088260000000e-10	469.801449579057	1.70665652142390e-05	0.000335768671123443
5049.57190000000	4.30723410000000e-10	533.534351347036	2.21431134984749e-05	0.000381318789695127
4993.34070000000	3.81338200000000e-10	594.631525389285	2.78748407011459e-05	0.000424985144824395
4935.89090000000	3.41263390000000e-10	650.354897898770	3.40671255312115e-05	0.000464810825981383
4877.97190000000	3.08524120000000e-10	697.766393253075	4.04292516342781e-05	0.000498695980668228
4820.39110000000	2.81641230000000e-10	733.853998611870	4.65787906715685e-05	0.000524487913209532
4763.99970000000	2.59494920000000e-10	755.689148918426	5.20581945309320e-05	0.000540093568340613
4709.67580000000	2.41229800000000e-10	760.608856845833	5.63644401361784e-05	0.000543609700090698
4658.30570000000	2.26187930000000e-10	746.416021098410	5.89910739326074e-05	0.000533466032797514
4610.76290000000	2.13860830000000e-10	711.582499590850	5.94797023792063e-05	0.000508570398189271
4567.88630000000	2.03855040000000e-10	655.437255370394	5.74757234123906e-05	0.000468443203906037
4530.45790000000	1.95866980000000e-10	578.317637085692	5.27812882810933e-05	0.000413325554158036
4499.17940000000	1.89664700000000e-10	481.661318439533	4.53973014421518e-05	0.000344244959160758
4474.65140000000	1.85074580000000e-10	368.019358739413	3.55466491657036e-05	0.000263024669554240
4457.35340000000	1.81971780000000e-10	240.984722286653	2.36733785804290e-05	0.000172232588970812
4447.62470000000	1.80273090000000e-10	105.178278033028	1.04296546825786e-05	7.51712679427546e-05
4404.24110000000	1.73077960000000e-10	1959.54639536551	0.000202389770971867	0.00140049437856383
4225.10870000000	1.48726310000000e-10	5341.11206505509	0.000641975809262122	0.00381731070010918
3890.69090000000	1.18255630000000e-10	10754.2219107803	0.00162566832460842	0.00768607845545116
3390.29960000000	9.13983140000000e-11	19827.1775973529	0.00387790788125750	0.0141705503036584
2725.46360000000	7.14996450000000e-11	35090.3933865309	0.00877322217295149	0.0250792218013615
1918.26840000000	5.81711350000000e-11	61911.3244780747	0.0190255549566259	0.0442482311753644
1012.87780000000	5.00289300000000e-11	121633.602391622	0.0434617421581051	0.0869319434318169
123.940630000000	4.58926460000000e-11	831926.189303227	0.324053319148510	0.594580436704525
8191.69000000000	0.000318571050000000	4.51095468697292e-06	2.53126103429486e-19	3.22399443871466e-12
8190.36680000000	1.14841710000000e-05	0.000291153950065991	4.53208255343929e-16	2.08088704267713e-10
8187.98700000000	1.90405260000000e-06	0.00275695651485412	2.58836638165942e-14	1.97040606444939e-09
8184.55130000000	5.53468850000000e-07	0.0129176732791051	4.17220739813558e-13	9.23230440182380e-09
8180.06160000000	2.15864810000000e-07	0.0418860306862966	3.46866319906305e-12	2.99360865633236e-08
8174.52030000000	1.00929140000000e-07	0.108231658429089	1.91695764176920e-11	7.73535291489267e-08
8167.93040000000	5.33762210000000e-08	0.239681555677256	8.02715350521718e-11	1.71301211425933e-07
8160.29570000000	3.08627140000000e-08	0.474621919806332	2.74908680592433e-10	3.39213877356528e-07
8151.62040000000	1.90948810000000e-08	0.863364332318363	8.08261556490290e-10	6.17049382920504e-07
8141.90970000000	1.24589870000000e-08	1.46914218475755	2.10792848497098e-09	1.05000084505790e-06
8131.16940000000	8.48535670000000e-09	2.36880673730246	4.99038787436181e-09	1.69299411707852e-06
8119.40590000000	5.98700620000000e-09	3.65319574984094	1.09078212379958e-08	2.61095125052714e-06
8106.62660000000	4.35144900000000e-09	5.42715288290125	2.22952801630182e-08	3.87880436109397e-06
8092.83980000000	3.24365210000000e-09	7.80917944177770	4.30373885338926e-08	5.58124672897369e-06
8078.05460000000	2.47118050000000e-09	10.9307060310963	7.90712350692584e-08	7.81221224794156e-06
8062.28100000000	1.91882150000000e-09	14.9349821323819	1.39137728014815e-07	1.06740818027178e-05
8045.53020000000	1.51508870000000e-09	19.9755757239408	2.35687213669647e-07	1.42766109422671e-05
8027.81450000000	1.21422720000000e-09	26.2144968183960	3.85936936110663e-07	1.87355887657843e-05
8009.14710000000	9.86141550000000e-10	33.8199545000948	6.13067843734094e-07	2.41712348698090e-05
7989.54270000000	8.10552500000000e-10	42.9637745564168	9.47536733730896e-07	3.07063537206641e-05
7969.01720000000	6.73497470000000e-10	53.8184884265896	1.42846730048700e-06	3.84642541164137e-05
7947.58790000000	5.65175440000000e-10	66.5541511109569	2.10507049162561e-06	4.75664749359492e-05
7925.27380000000	4.78585380000000e-10	81.3349141167361	3.03803211891400e-06	5.81303358118316e-05
7902.09500000000	4.08646560000000e-10	98.3154000173457	4.30079239726094e-06	7.02663460156881e-05
7878.07370000000	3.51618170000000e-10	117.636951798986	5.98063405348789e-06	8.40755238536387e-05
7853.23360000000	3.04709350000000e-10	139.423763270612	8.17948190954733e-06	9.96466310573295e-05
7827.60040000000	2.65812490000000e-10	163.779062156801	1.10143220886510e-05	0.000117053444827609
7801.20140000000	2.33318050000000e-10	190.781279000550	1.46171328457856e-05	0.000136352019736512
7774.06640000000	2.05984040000000e-10	220.480343885286	1.91342340486230e-05	0.000157578040982065
7746.22690000000	1.82842850000000e-10	252.894195374723	2.47249632758194e-05	0.000180744329315898
7717.71680000000	1.63133850000000e-10	288.005585740376	3.15596080653762e-05	0.000205838557728634
7688.57230000000	1.46254100000000e-10	325.759122559862	3.98165212236568e-05	0.000232821137070284
7658.83180000000	1.31721930000000e-10	366.058787735856	4.96783917452651e-05	0.000261623442884766
7628.53640000000	1.19149730000000e-10	408.765932443367	6.13276618115256e-05	0.000292146382392011
7597.72950000000	1.08223400000000e-10	453.697742097964	7.49411270485505e-05	0.000324259297395601
7566.45720000000	9.86868250000000e-11	500.626355535678	9.06837160909733e-05	0.000357799334757694
7534.76810000000	9.03298270000000e-11	549.278542040415	0.000108701673676966	0.000392571215569434
7502.71370000000	8.29789850000000e-11	599.336119460403	0.000129115121855908	0.000428347533980175
7470.34800000000	7.64904060000000e-11	650.437080819137	0.000152010330069463	0.000464869562390105
7437.72780000000	7.07440920000000e-11	702.177351494203	0.000177431782947698	0.000501848507311838
7404.91260000000	6.56394860000000e-11	754.113424937575	0.000205374385410870	0.000538967393128549
7371.96460000000	6.10919310000000e-11	805.765647162196	0.000235776041178802	0.000575883409527548
7338.94880000000	5.70298500000000e-11	856.622321403848	0.000268510908262090	0.000612230845115874
7305.93250000000	5.33924730000000e-11	906.144398002981	0.000303383634115110	0.000647624439294570
7272.98590000000	5.01280050000000e-11	953.770955467636	0.000340124916581485	0.000681663299592724
7240.18120000000	4.71921350000000e-11	998.925378420011	0.000378388734003604	0.000713935317066594
7207.59330000000	4.45468270000000e-11	1041.02187294985	0.000417751343547813	0.000744021822844522
7175.29890000000	4.21593190000000e-11	1079.47282196928	0.000457712635401001	0.000771502845023694
7143.37670000000	4.00013080000000e-11	1113.69611328704	0.000497699595282660	0.000795962346069361
7111.90720000000	3.80482710000000e-11	1143.12377577868	0.000537072737501776	0.000816994395114634
7080.97220000000	3.62789050000000e-11	1167.20911820287	0.000575134311145554	0.000834208270096436
7050.65470000000	3.46746550000000e-11	1185.43622776455	0.000611140159015506	0.000847235246410431
7021.03860000000	3.32193280000000e-11	1197.32722328566	0.000644312846266882	0.000855733780776460
6992.20830000000	3.18987600000000e-11	1202.45141317632	0.000673858191592054	0.000859396056471252
6964.24820000000	3.07005410000000e-11	1200.43251454195	0.000698982813608954	0.000857953142848480
6937.24240000000	2.96137850000000e-11	1190.95628521347	0.000718913564208056	0.000851180449976341
6911.27440000000	2.86289280000000e-11	1173.77799072585	0.000732918445264081	0.000838903065312153
6886.42650000000	2.77375650000000e-11	1148.72782886554	0.000740326994747126	0.000820999630644593
6862.77920000000	2.69323040000000e-11	1115.71684152437	0.000740551484523019	0.000797406567315502
6840.41090000000	2.62066460000000e-11	1074.74116563226	0.000733106749131824	0.000768121114375742
6819.39740000000	2.55548850000000e-11	1025.88516948310	0.000717628365719866	0.000733203570127818
6799.81130000000	2.49720150000000e-11	969.323323262945	0.000693888758343584	0.000692778628998652
6781.72160000000	2.44536590000000e-11	905.321051556611	0.000661810332838994	0.000647035990828906
6765.19290000000	2.39960020000000e-11	834.233827674459	0.000621475028428779	0.000596229713585293
6750.28540000000	2.35957400000000e-11	756.504884573464	0.000573129694786712	0.000540676577348196
6737.05400000000	2.32500290000000e-11	672.661366915799	0.000517187193789961	0.000480753334175036
6725.54810000000	2.29564510000000e-11	583.309348278870	0.000454222835910020	0.000416893146883574
6715.81120000000	2.27129780000000e-11	489.126907428325	0.000384965889939261	0.000349580640641023
6707.88040000000	2.25179480000000e-11	390.856670936198	0.000310286937421578	0.000279346573148229
6701.78600000000	2.23700420000000e-11	289.297362226736	0.000231181166321461	0.000206761794714391
6697.55160000000	2.22682620000000e-11	185.301394202184	0.000148753482075211	0.000132435527698640
6695.19250000000	2.22119080000000e-11	79.8871433967830	6.42933125192750e-05	5.70956092243218e-05
6687.48850000000	2.20295800000000e-11	1039.29620665942	0.000843350100399595	0.000742788483361089
6656.98360000000	2.13325090000000e-11	2476.13070982803	0.00207494411879024	0.00176969892006899
6602.19930000000	2.01729770000000e-11	4048.15796128907	0.00358725486541441	0.00289323206724395
6523.31880000000	1.86861410000000e-11	5819.78258506722	0.00556752165798157	0.00415941812560658
6420.69080000000	1.70208620000000e-11	7841.85343394407	0.00823591672022893	0.00560459894072150
6294.89740000000	1.53116440000000e-11	10141.3146866033	0.0118398775856642	0.00724803160743002
6146.85840000000	1.36623170000000e-11	12710.7403315109	0.0166311111033047	0.00908440873039150
5977.96670000000	1.21416440000000e-11	15497.2280403472	0.0228166197552563	0.0110759208381896
5790.25770000000	1.07871520000000e-11	18391.8566123238	0.0304784972471575	0.0131447215834392
5586.61130000000	9.61270500000000e-12	21221.1461182210	0.0394637178257222	0.0151668242790989
5370.98370000000	8.61650520000000e-12	23742.2240744575	0.0492566669516287	0.0169686471468712
5148.65500000000	7.78779720000000e-12	25644.2473536717	0.0588640446228437	0.0183280295614632
4926.45580000000	7.11176380000000e-12	26560.6863852319	0.0667631387215467	0.0189830116098761
4712.90320000000	6.57275240000000e-12	26100.5362651123	0.0709866913105003	0.0186541407762754
4518.12070000000	6.15622020000000e-12	23909.5464632157	0.0694275705823309	0.0170882330191006
4353.36240000000	5.84980330000000e-12	19769.6314471760	0.0604132341886108	0.0141294218771913
4229.96440000000	5.64383750000000e-12	13725.6966029512	0.0434745074322202	0.00980980138044667
4157.67880000000	5.53154160000000e-12	6198.52441773803	0.0200316585860217	0.00443010618322897

# Geometry: #geo index - matter index start from 0
0 0
1 1

Dimension_Material:
3
Angle_method: //1:CADOM,2:GaussDOM
2
Ntheta:
4
Nphi:
4
