0 1
5.000000e-03 9.974959e-01
1.000000e-02 9.974710e-01
1.500000e-02 9.974379e-01
2.000000e-02 9.973966e-01
2.500000e-02 9.973472e-01
3.000000e-02 9.972897e-01
3.500000e-02 9.972241e-01
4.000000e-02 9.971505e-01
4.500000e-02 9.970689e-01
5.000000e-02 9.969794e-01
5.500000e-02 9.968820e-01
6.000000e-02 9.967767e-01
6.500000e-02 9.966636e-01
7.000000e-02 9.965427e-01
7.500000e-02 9.964141e-01
8.000000e-02 9.962778e-01
8.500000e-02 9.961338e-01
9.000000e-02 9.959822e-01
9.500000e-02 9.958231e-01
1.000000e-01 9.956564e-01
1.050000e-01 9.954822e-01
1.100000e-01 9.953006e-01
1.150000e-01 9.951115e-01
1.200000e-01 9.949151e-01
1.250000e-01 9.947113e-01
1.300000e-01 9.945003e-01
1.350000e-01 9.942819e-01
1.400000e-01 9.940564e-01
1.450000e-01 9.938237e-01
1.500000e-01 9.935838e-01
1.550000e-01 9.933369e-01
1.600000e-01 9.930829e-01
1.650000e-01 9.928219e-01
1.700000e-01 9.925538e-01
1.750000e-01 9.922789e-01
1.800000e-01 9.919970e-01
1.850000e-01 9.917083e-01
1.900000e-01 9.914127e-01
1.950000e-01 9.911104e-01
2.000000e-01 9.908013e-01
2.050000e-01 9.904855e-01
2.100000e-01 9.901630e-01
2.150000e-01 9.898339e-01
2.200000e-01 9.894982e-01
2.250000e-01 9.891559e-01
2.300000e-01 9.888071e-01
2.350000e-01 9.884518e-01
2.400000e-01 9.880900e-01
2.450000e-01 9.877219e-01
2.500000e-01 9.873473e-01
2.550000e-01 9.869665e-01
2.600000e-01 9.865793e-01
2.650000e-01 9.861859e-01
2.700000e-01 9.857862e-01
2.750000e-01 9.853804e-01
2.800000e-01 9.849683e-01
2.850000e-01 9.845502e-01
2.900000e-01 9.841260e-01
2.950000e-01 9.836958e-01
3.000000e-01 9.832595e-01
3.050000e-01 9.828173e-01
3.100000e-01 9.823691e-01
3.150000e-01 9.819151e-01
3.200000e-01 9.814551e-01
3.250000e-01 9.809894e-01
3.300000e-01 9.805178e-01
3.350000e-01 9.800405e-01
3.400000e-01 9.795575e-01
3.450000e-01 9.790688e-01
3.500000e-01 9.785744e-01
3.550000e-01 9.780744e-01
3.600000e-01 9.775689e-01
3.650000e-01 9.770577e-01
3.700000e-01 9.765411e-01
3.750000e-01 9.760190e-01
3.800000e-01 9.754915e-01
3.850000e-01 9.749585e-01
3.900000e-01 9.744202e-01
3.950000e-01 9.738765e-01
4.000000e-01 9.733275e-01
4.050000e-01 9.727733e-01
4.100000e-01 9.722138e-01
4.150000e-01 9.716491e-01
4.200000e-01 9.710792e-01
4.250000e-01 9.705043e-01
4.300000e-01 9.699242e-01
4.350000e-01 9.693390e-01
4.400000e-01 9.687488e-01
4.450000e-01 9.681536e-01
4.500000e-01 9.675534e-01
4.550000e-01 9.669483e-01
4.600000e-01 9.663382e-01
4.650000e-01 9.657233e-01
4.700000e-01 9.651036e-01
4.750000e-01 9.644791e-01
4.800000e-01 9.638497e-01
4.850000e-01 9.632157e-01
4.900000e-01 9.625769e-01
4.950000e-01 9.619335e-01
5.000000e-01 9.612854e-01
5.050000e-01 9.606327e-01
5.100000e-01 9.599754e-01
5.150000e-01 9.593135e-01
5.200000e-01 9.586472e-01
5.250000e-01 9.579763e-01
5.300000e-01 9.573010e-01
5.350000e-01 9.566213e-01
5.400000e-01 9.559372e-01
5.450000e-01 9.552487e-01
5.500000e-01 9.545559e-01
5.550000e-01 9.538588e-01
5.600000e-01 9.531574e-01
5.650000e-01 9.524518e-01
5.700000e-01 9.517419e-01
5.750000e-01 9.510279e-01
5.800000e-01 9.503097e-01
5.850000e-01 9.495874e-01
5.900000e-01 9.488611e-01
5.950000e-01 9.481306e-01
6.000000e-01 9.473962e-01
6.050000e-01 9.466577e-01
6.100000e-01 9.459153e-01
6.150000e-01 9.451689e-01
6.200000e-01 9.444186e-01
6.250000e-01 9.436645e-01
6.300000e-01 9.429065e-01
6.350000e-01 9.421446e-01
6.400000e-01 9.413790e-01
6.450000e-01 9.406096e-01
6.500000e-01 9.398365e-01
6.550000e-01 9.390596e-01
6.600000e-01 9.382791e-01
6.650000e-01 9.374950e-01
6.700000e-01 9.367072e-01
6.750000e-01 9.359158e-01
6.800000e-01 9.351208e-01
6.850000e-01 9.343223e-01
6.900000e-01 9.335203e-01
6.950000e-01 9.327149e-01
7.000000e-01 9.319059e-01
7.050000e-01 9.310936e-01
7.100000e-01 9.302778e-01
7.150000e-01 9.294587e-01
7.200000e-01 9.286362e-01
7.250000e-01 9.278104e-01
7.300000e-01 9.269813e-01
7.350000e-01 9.261490e-01
7.400000e-01 9.253134e-01
7.450000e-01 9.244746e-01
7.500000e-01 9.236326e-01
7.550000e-01 9.227875e-01
7.600000e-01 9.219392e-01
7.650000e-01 9.210878e-01
7.700000e-01 9.202334e-01
7.750000e-01 9.193759e-01
7.800000e-01 9.185154e-01
7.850000e-01 9.176518e-01
7.900000e-01 9.167853e-01
7.950000e-01 9.159159e-01
8.000000e-01 9.150435e-01
8.050000e-01 9.141683e-01
8.100000e-01 9.132901e-01
8.150000e-01 9.124091e-01
8.200000e-01 9.115253e-01
8.250000e-01 9.106387e-01
8.300000e-01 9.097494e-01
8.350000e-01 9.088572e-01
8.400000e-01 9.079624e-01
8.450000e-01 9.070649e-01
8.500000e-01 9.061647e-01
8.550000e-01 9.052618e-01
8.600000e-01 9.043563e-01
8.650000e-01 9.034482e-01
8.700000e-01 9.025376e-01
8.750000e-01 9.016244e-01
8.800000e-01 9.007087e-01
8.850000e-01 8.997904e-01
8.900000e-01 8.988697e-01
8.950000e-01 8.979465e-01
9.000000e-01 8.970209e-01
9.050000e-01 8.960929e-01
9.100000e-01 8.951625e-01
9.150000e-01 8.942298e-01
9.200000e-01 8.932947e-01
9.250000e-01 8.923573e-01
9.300000e-01 8.914176e-01
9.350000e-01 8.904756e-01
9.400000e-01 8.895314e-01
9.450000e-01 8.885849e-01
9.500000e-01 8.876363e-01
9.550000e-01 8.866855e-01
9.600000e-01 8.857325e-01
9.650000e-01 8.847774e-01
9.700000e-01 8.838201e-01
9.750000e-01 8.828608e-01
9.800000e-01 8.818994e-01
9.850000e-01 8.809360e-01
9.900000e-01 8.799705e-01
9.950000e-01 8.790030e-01
1 8.780336e-01
1.005000e+00 8.770622e-01
1.010000e+00 8.760888e-01
1.015000e+00 8.751136e-01
1.020000e+00 8.741364e-01
1.025000e+00 8.731574e-01
1.030000e+00 8.721765e-01
1.035000e+00 8.711938e-01
1.040000e+00 8.702092e-01
1.045000e+00 8.692229e-01
1.050000e+00 8.682348e-01
1.055000e+00 8.672449e-01
1.060000e+00 8.662533e-01
1.065000e+00 8.652600e-01
1.070000e+00 8.642651e-01
1.075000e+00 8.632684e-01
1.080000e+00 8.622701e-01
1.085000e+00 8.612702e-01
1.090000e+00 8.602686e-01
1.095000e+00 8.592655e-01
1.100000e+00 8.582608e-01
1.105000e+00 8.572545e-01
1.110000e+00 8.562467e-01
1.115000e+00 8.552374e-01
1.120000e+00 8.542266e-01
1.125000e+00 8.532144e-01
1.130000e+00 8.522006e-01
1.135000e+00 8.511855e-01
1.140000e+00 8.501689e-01
1.145000e+00 8.491509e-01
1.150000e+00 8.481316e-01
1.155000e+00 8.471108e-01
1.160000e+00 8.460888e-01
1.165000e+00 8.450654e-01
1.170000e+00 8.440407e-01
1.175000e+00 8.430147e-01
1.180000e+00 8.419875e-01
1.185000e+00 8.409590e-01
1.190000e+00 8.399293e-01
1.195000e+00 8.388983e-01
1.200000e+00 8.378662e-01
1.205000e+00 8.368329e-01
1.210000e+00 8.357984e-01
1.215000e+00 8.347628e-01
1.220000e+00 8.337260e-01
1.225000e+00 8.326881e-01
1.230000e+00 8.316492e-01
1.235000e+00 8.306092e-01
1.240000e+00 8.295681e-01
1.245000e+00 8.285259e-01
1.250000e+00 8.274828e-01
1.255000e+00 8.264386e-01
1.260000e+00 8.253935e-01
1.265000e+00 8.243474e-01
1.270000e+00 8.233003e-01
1.275000e+00 8.222523e-01
1.280000e+00 8.212033e-01
1.285000e+00 8.201535e-01
1.290000e+00 8.191027e-01
1.295000e+00 8.180511e-01
1.300000e+00 8.169986e-01
1.305000e+00 8.159453e-01
1.310000e+00 8.148912e-01
1.315000e+00 8.138362e-01
1.320000e+00 8.127805e-01
1.325000e+00 8.117239e-01
1.330000e+00 8.106666e-01
1.335000e+00 8.096086e-01
1.340000e+00 8.085498e-01
1.345000e+00 8.074903e-01
1.350000e+00 8.064301e-01
1.355000e+00 8.053692e-01
1.360000e+00 8.043076e-01
1.365000e+00 8.032454e-01
1.370000e+00 8.021825e-01
1.375000e+00 8.011191e-01
1.380000e+00 8.000550e-01
1.385000e+00 7.989902e-01
1.390000e+00 7.979250e-01
1.395000e+00 7.968591e-01
1.400000e+00 7.957927e-01
1.405000e+00 7.947257e-01
1.410000e+00 7.936583e-01
1.415000e+00 7.925903e-01
1.420000e+00 7.915218e-01
1.425000e+00 7.904528e-01
1.430000e+00 7.893834e-01
1.435000e+00 7.883135e-01
1.440000e+00 7.872431e-01
1.445000e+00 7.861723e-01
1.450000e+00 7.851012e-01
1.455000e+00 7.840296e-01
1.460000e+00 7.829576e-01
1.465000e+00 7.818852e-01
1.470000e+00 7.808125e-01
1.475000e+00 7.797395e-01
1.480000e+00 7.786661e-01
1.485000e+00 7.775924e-01
1.490000e+00 7.765183e-01
1.495000e+00 7.754440e-01
1.500000e+00 7.743694e-01
1.505000e+00 7.732945e-01
1.510000e+00 7.722194e-01
1.515000e+00 7.711440e-01
1.520000e+00 7.700684e-01
1.525000e+00 7.689926e-01
1.530000e+00 7.679166e-01
1.535000e+00 7.668404e-01
1.540000e+00 7.657639e-01
1.545000e+00 7.646874e-01
1.550000e+00 7.636106e-01
1.555000e+00 7.625337e-01
1.560000e+00 7.614567e-01
1.565000e+00 7.603796e-01
1.570000e+00 7.593023e-01
1.575000e+00 7.582250e-01
1.580000e+00 7.571475e-01
1.585000e+00 7.560700e-01
1.590000e+00 7.549925e-01
1.595000e+00 7.539148e-01
1.600000e+00 7.528372e-01
1.605000e+00 7.517595e-01
1.610000e+00 7.506818e-01
1.615000e+00 7.496040e-01
1.620000e+00 7.485263e-01
1.625000e+00 7.474486e-01
1.630000e+00 7.463710e-01
1.635000e+00 7.452933e-01
1.640000e+00 7.442157e-01
1.645000e+00 7.431382e-01
1.650000e+00 7.420608e-01
1.655000e+00 7.409834e-01
1.660000e+00 7.399061e-01
1.665000e+00 7.388289e-01
1.670000e+00 7.377518e-01
1.675000e+00 7.366749e-01
1.680000e+00 7.355981e-01
1.685000e+00 7.345214e-01
1.690000e+00 7.334449e-01
1.695000e+00 7.323685e-01
1.700000e+00 7.312924e-01
1.705000e+00 7.302164e-01
1.710000e+00 7.291406e-01
1.715000e+00 7.280650e-01
1.720000e+00 7.269896e-01
1.725000e+00 7.259144e-01
1.730000e+00 7.248395e-01
1.735000e+00 7.237648e-01
1.740000e+00 7.226904e-01
1.745000e+00 7.216162e-01
1.750000e+00 7.205423e-01
1.755000e+00 7.194687e-01
1.760000e+00 7.183953e-01
1.765000e+00 7.173223e-01
1.770000e+00 7.162496e-01
1.775000e+00 7.151772e-01
1.780000e+00 7.141051e-01
1.785000e+00 7.130333e-01
1.790000e+00 7.119619e-01
1.795000e+00 7.108909e-01
1.800000e+00 7.098202e-01
1.805000e+00 7.087499e-01
1.810000e+00 7.076800e-01
1.815000e+00 7.066104e-01
1.820000e+00 7.055413e-01
1.825000e+00 7.044725e-01
1.830000e+00 7.034042e-01
1.835000e+00 7.023363e-01
1.840000e+00 7.012688e-01
1.845000e+00 7.002018e-01
1.850000e+00 6.991352e-01
1.855000e+00 6.980690e-01
1.860000e+00 6.970034e-01
1.865000e+00 6.959382e-01
1.870000e+00 6.948735e-01
1.875000e+00 6.938092e-01
1.880000e+00 6.927455e-01
1.885000e+00 6.916822e-01
1.890000e+00 6.906195e-01
1.895000e+00 6.895573e-01
1.900000e+00 6.884956e-01
1.905000e+00 6.874345e-01
1.910000e+00 6.863739e-01
1.915000e+00 6.853138e-01
1.920000e+00 6.842543e-01
1.925000e+00 6.831954e-01
1.930000e+00 6.821370e-01
1.935000e+00 6.810792e-01
1.940000e+00 6.800220e-01
1.945000e+00 6.789654e-01
1.950000e+00 6.779094e-01
1.955000e+00 6.768540e-01
1.960000e+00 6.757993e-01
1.965000e+00 6.747451e-01
1.970000e+00 6.736916e-01
1.975000e+00 6.726387e-01
1.980000e+00 6.715864e-01
1.985000e+00 6.705348e-01
1.990000e+00 6.694838e-01
1.995000e+00 6.684335e-01
2 6.673839e-01
2.005000e+00 6.663350e-01
2.010000e+00 6.652867e-01
2.015000e+00 6.642391e-01
2.020000e+00 6.631922e-01
2.025000e+00 6.621460e-01
2.030000e+00 6.611005e-01
2.035000e+00 6.600558e-01
2.040000e+00 6.590117e-01
2.045000e+00 6.579684e-01
2.050000e+00 6.569258e-01
2.055000e+00 6.558840e-01
2.060000e+00 6.548429e-01
2.065000e+00 6.538025e-01
2.070000e+00 6.527629e-01
2.075000e+00 6.517241e-01
2.080000e+00 6.506860e-01
2.085000e+00 6.496487e-01
2.090000e+00 6.486122e-01
2.095000e+00 6.475764e-01
2.100000e+00 6.465415e-01
2.105000e+00 6.455073e-01
2.110000e+00 6.444740e-01
2.115000e+00 6.434414e-01
2.120000e+00 6.424097e-01
2.125000e+00 6.413788e-01
2.130000e+00 6.403487e-01
2.135000e+00 6.393194e-01
2.140000e+00 6.382910e-01
2.145000e+00 6.372634e-01
2.150000e+00 6.362366e-01
2.155000e+00 6.352107e-01
2.160000e+00 6.341857e-01
2.165000e+00 6.331615e-01
2.170000e+00 6.321382e-01
2.175000e+00 6.311157e-01
2.180000e+00 6.300941e-01
2.185000e+00 6.290734e-01
2.190000e+00 6.280536e-01
2.195000e+00 6.270347e-01
2.200000e+00 6.260167e-01
2.205000e+00 6.249995e-01
2.210000e+00 6.239833e-01
2.215000e+00 6.229680e-01
2.220000e+00 6.219535e-01
2.225000e+00 6.209400e-01
2.230000e+00 6.199275e-01
2.235000e+00 6.189158e-01
2.240000e+00 6.179051e-01
2.245000e+00 6.168953e-01
2.250000e+00 6.158864e-01
2.255000e+00 6.148785e-01
2.260000e+00 6.138715e-01
2.265000e+00 6.128655e-01
2.270000e+00 6.118605e-01
2.275000e+00 6.108564e-01
2.280000e+00 6.098532e-01
2.285000e+00 6.088511e-01
2.290000e+00 6.078499e-01
2.295000e+00 6.068496e-01
2.300000e+00 6.058504e-01
2.305000e+00 6.048521e-01
2.310000e+00 6.038549e-01
2.315000e+00 6.028586e-01
2.320000e+00 6.018633e-01
2.325000e+00 6.008690e-01
2.330000e+00 5.998757e-01
2.335000e+00 5.988834e-01
2.340000e+00 5.978922e-01
2.345000e+00 5.969019e-01
2.350000e+00 5.959127e-01
2.355000e+00 5.949244e-01
2.360000e+00 5.939372e-01
2.365000e+00 5.929511e-01
2.370000e+00 5.919659e-01
2.375000e+00 5.909818e-01
2.380000e+00 5.899987e-01
2.385000e+00 5.890167e-01
2.390000e+00 5.880357e-01
2.395000e+00 5.870558e-01
2.400000e+00 5.860769e-01
2.405000e+00 5.850990e-01
2.410000e+00 5.841223e-01
2.415000e+00 5.831465e-01
2.420000e+00 5.821719e-01
2.425000e+00 5.811983e-01
2.430000e+00 5.802258e-01
2.435000e+00 5.792543e-01
2.440000e+00 5.782839e-01
2.445000e+00 5.773146e-01
2.450000e+00 5.763464e-01
2.455000e+00 5.753793e-01
2.460000e+00 5.744132e-01
2.465000e+00 5.734482e-01
2.470000e+00 5.724844e-01
2.475000e+00 5.715216e-01
2.480000e+00 5.705599e-01
2.485000e+00 5.695993e-01
2.490000e+00 5.686398e-01
2.495000e+00 5.676815e-01
2.500000e+00 5.667242e-01
2.505000e+00 5.657680e-01
2.510000e+00 5.648130e-01
2.515000e+00 5.638590e-01
2.520000e+00 5.629062e-01
2.525000e+00 5.619545e-01
2.530000e+00 5.610039e-01
2.535000e+00 5.600545e-01
2.540000e+00 5.591062e-01
2.545000e+00 5.581590e-01
2.550000e+00 5.572129e-01
2.555000e+00 5.562680e-01
2.560000e+00 5.553242e-01
2.565000e+00 5.543815e-01
2.570000e+00 5.534400e-01
2.575000e+00 5.524996e-01
2.580000e+00 5.515604e-01
2.585000e+00 5.506223e-01
2.590000e+00 5.496853e-01
2.595000e+00 5.487495e-01
2.600000e+00 5.478149e-01
2.605000e+00 5.468814e-01
2.610000e+00 5.459491e-01
2.615000e+00 5.450179e-01
2.620000e+00 5.440879e-01
2.625000e+00 5.431590e-01
2.630000e+00 5.422313e-01
2.635000e+00 5.413048e-01
2.640000e+00 5.403794e-01
2.645000e+00 5.394552e-01
2.650000e+00 5.385322e-01
2.655000e+00 5.376104e-01
2.660000e+00 5.366897e-01
2.665000e+00 5.357702e-01
2.670000e+00 5.348519e-01
2.675000e+00 5.339347e-01
2.680000e+00 5.330187e-01
2.685000e+00 5.321039e-01
2.690000e+00 5.311903e-01
2.695000e+00 5.302779e-01
2.700000e+00 5.293667e-01
2.705000e+00 5.284566e-01
2.710000e+00 5.275478e-01
2.715000e+00 5.266401e-01
2.720000e+00 5.257336e-01
2.725000e+00 5.248283e-01
2.730000e+00 5.239242e-01
2.735000e+00 5.230213e-01
2.740000e+00 5.221196e-01
2.745000e+00 5.212191e-01
2.750000e+00 5.203198e-01
2.755000e+00 5.194216e-01
2.760000e+00 5.185247e-01
2.765000e+00 5.176290e-01
2.770000e+00 5.167345e-01
2.775000e+00 5.158412e-01
2.780000e+00 5.149491e-01
2.785000e+00 5.140582e-01
2.790000e+00 5.131685e-01
2.795000e+00 5.122800e-01
2.800000e+00 5.113928e-01
2.805000e+00 5.105067e-01
2.810000e+00 5.096218e-01
2.815000e+00 5.087382e-01
2.820000e+00 5.078558e-01
2.825000e+00 5.069746e-01
2.830000e+00 5.060946e-01
2.835000e+00 5.052158e-01
2.840000e+00 5.043382e-01
2.845000e+00 5.034619e-01
2.850000e+00 5.025867e-01
2.855000e+00 5.017128e-01
2.860000e+00 5.008401e-01
2.865000e+00 4.999686e-01
2.870000e+00 4.990984e-01
2.875000e+00 4.982293e-01
2.880000e+00 4.973615e-01
2.885000e+00 4.964949e-01
2.890000e+00 4.956296e-01
2.895000e+00 4.947654e-01
2.900000e+00 4.939025e-01
2.905000e+00 4.930408e-01
2.910000e+00 4.921803e-01
2.915000e+00 4.913211e-01
2.920000e+00 4.904631e-01
2.925000e+00 4.896063e-01
2.930000e+00 4.887507e-01
2.935000e+00 4.878964e-01
2.940000e+00 4.870432e-01
2.945000e+00 4.861914e-01
2.950000e+00 4.853407e-01
2.955000e+00 4.844913e-01
2.960000e+00 4.836431e-01
2.965000e+00 4.827961e-01
2.970000e+00 4.819504e-01
2.975000e+00 4.811059e-01
2.980000e+00 4.802626e-01
2.985000e+00 4.794205e-01
2.990000e+00 4.785797e-01
2.995000e+00 4.777401e-01
3 4.769018e-01
3.005000e+00 4.760646e-01
3.010000e+00 4.752288e-01
3.015000e+00 4.743941e-01
3.020000e+00 4.735607e-01
3.025000e+00 4.727285e-01
3.030000e+00 4.718975e-01
3.035000e+00 4.710678e-01
3.040000e+00 4.702393e-01
3.045000e+00 4.694120e-01
3.050000e+00 4.685860e-01
3.055000e+00 4.677612e-01
3.060000e+00 4.669376e-01
3.065000e+00 4.661153e-01
3.070000e+00 4.652942e-01
3.075000e+00 4.644743e-01
3.080000e+00 4.636556e-01
3.085000e+00 4.628382e-01
3.090000e+00 4.620221e-01
3.095000e+00 4.612071e-01
3.100000e+00 4.603934e-01
3.105000e+00 4.595809e-01
3.110000e+00 4.587697e-01
3.115000e+00 4.579597e-01
3.120000e+00 4.571509e-01
3.125000e+00 4.563433e-01
3.130000e+00 4.555370e-01
3.135000e+00 4.547319e-01
3.140000e+00 4.539281e-01
3.145000e+00 4.531254e-01
3.150000e+00 4.523240e-01
3.155000e+00 4.515239e-01
3.160000e+00 4.507249e-01
3.165000e+00 4.499272e-01
3.170000e+00 4.491307e-01
3.175000e+00 4.483355e-01
3.180000e+00 4.475414e-01
3.185000e+00 4.467486e-01
3.190000e+00 4.459571e-01
3.195000e+00 4.451667e-01
3.200000e+00 4.443776e-01
3.205000e+00 4.435897e-01
3.210000e+00 4.428031e-01
3.215000e+00 4.420176e-01
3.220000e+00 4.412334e-01
3.225000e+00 4.404504e-01
3.230000e+00 4.396687e-01
3.235000e+00 4.388881e-01
3.240000e+00 4.381088e-01
3.245000e+00 4.373307e-01
3.250000e+00 4.365539e-01
3.255000e+00 4.357782e-01
3.260000e+00 4.350038e-01
3.265000e+00 4.342306e-01
3.270000e+00 4.334586e-01
3.275000e+00 4.326878e-01
3.280000e+00 4.319183e-01
3.285000e+00 4.311500e-01
3.290000e+00 4.303829e-01
3.295000e+00 4.296170e-01
3.300000e+00 4.288523e-01
3.305000e+00 4.280888e-01
3.310000e+00 4.273266e-01
3.315000e+00 4.265656e-01
3.320000e+00 4.258058e-01
3.325000e+00 4.250472e-01
3.330000e+00 4.242898e-01
3.335000e+00 4.235336e-01
3.340000e+00 4.227786e-01
3.345000e+00 4.220249e-01
3.350000e+00 4.212724e-01
3.355000e+00 4.205210e-01
3.360000e+00 4.197709e-01
3.365000e+00 4.190220e-01
3.370000e+00 4.182743e-01
3.375000e+00 4.175278e-01
3.380000e+00 4.167825e-01
3.385000e+00 4.160384e-01
3.390000e+00 4.152955e-01
3.395000e+00 4.145538e-01
3.400000e+00 4.138134e-01
3.405000e+00 4.130741e-01
3.410000e+00 4.123360e-01
3.415000e+00 4.115991e-01
3.420000e+00 4.108635e-01
3.425000e+00 4.101290e-01
3.430000e+00 4.093957e-01
3.435000e+00 4.086636e-01
3.440000e+00 4.079328e-01
3.445000e+00 4.072031e-01
3.450000e+00 4.064746e-01
3.455000e+00 4.057473e-01
3.460000e+00 4.050211e-01
3.465000e+00 4.042962e-01
3.470000e+00 4.035725e-01
3.475000e+00 4.028500e-01
3.480000e+00 4.021286e-01
3.485000e+00 4.014084e-01
3.490000e+00 4.006895e-01
3.495000e+00 3.999717e-01
3.500000e+00 3.992551e-01
3.505000e+00 3.985397e-01
3.510000e+00 3.978254e-01
3.515000e+00 3.971124e-01
3.520000e+00 3.964005e-01
3.525000e+00 3.956898e-01
3.530000e+00 3.949803e-01
3.535000e+00 3.942719e-01
3.540000e+00 3.935648e-01
3.545000e+00 3.928588e-01
3.550000e+00 3.921540e-01
3.555000e+00 3.914503e-01
3.560000e+00 3.907479e-01
3.565000e+00 3.900466e-01
3.570000e+00 3.893465e-01
3.575000e+00 3.886475e-01
3.580000e+00 3.879497e-01
3.585000e+00 3.872531e-01
3.590000e+00 3.865576e-01
3.595000e+00 3.858634e-01
3.600000e+00 3.851702e-01
3.605000e+00 3.844783e-01
3.610000e+00 3.837875e-01
3.615000e+00 3.830978e-01
3.620000e+00 3.824094e-01
3.625000e+00 3.817220e-01
3.630000e+00 3.810359e-01
3.635000e+00 3.803509e-01
3.640000e+00 3.796670e-01
3.645000e+00 3.789843e-01
3.650000e+00 3.783028e-01
3.655000e+00 3.776224e-01
3.660000e+00 3.769432e-01
3.665000e+00 3.762651e-01
3.670000e+00 3.755881e-01
3.675000e+00 3.749123e-01
3.680000e+00 3.742377e-01
3.685000e+00 3.735642e-01
3.690000e+00 3.728918e-01
3.695000e+00 3.722206e-01
3.700000e+00 3.715505e-01
3.705000e+00 3.708815e-01
3.710000e+00 3.702137e-01
3.715000e+00 3.695471e-01
3.720000e+00 3.688815e-01
3.725000e+00 3.682171e-01
3.730000e+00 3.675539e-01
3.735000e+00 3.668918e-01
3.740000e+00 3.662308e-01
3.745000e+00 3.655709e-01
3.750000e+00 3.649121e-01
3.755000e+00 3.642545e-01
3.760000e+00 3.635980e-01
3.765000e+00 3.629427e-01
3.770000e+00 3.622884e-01
3.775000e+00 3.616353e-01
3.780000e+00 3.609833e-01
3.785000e+00 3.603324e-01
3.790000e+00 3.596827e-01
3.795000e+00 3.590340e-01
3.800000e+00 3.583865e-01
3.805000e+00 3.577401e-01
3.810000e+00 3.570948e-01
3.815000e+00 3.564506e-01
3.820000e+00 3.558075e-01
3.825000e+00 3.551655e-01
3.830000e+00 3.545247e-01
3.835000e+00 3.538849e-01
3.840000e+00 3.532463e-01
3.845000e+00 3.526087e-01
3.850000e+00 3.519723e-01
3.855000e+00 3.513369e-01
3.860000e+00 3.507027e-01
3.865000e+00 3.500695e-01
3.870000e+00 3.494375e-01
3.875000e+00 3.488065e-01
3.880000e+00 3.481767e-01
3.885000e+00 3.475479e-01
3.890000e+00 3.469202e-01
3.895000e+00 3.462936e-01
3.900000e+00 3.456681e-01
3.905000e+00 3.450437e-01
3.910000e+00 3.444204e-01
3.915000e+00 3.437982e-01
3.920000e+00 3.431770e-01
3.925000e+00 3.425569e-01
3.930000e+00 3.419380e-01
3.935000e+00 3.413200e-01
3.940000e+00 3.407032e-01
3.945000e+00 3.400874e-01
3.950000e+00 3.394728e-01
3.955000e+00 3.388591e-01
3.960000e+00 3.382466e-01
3.965000e+00 3.376351e-01
3.970000e+00 3.370247e-01
3.975000e+00 3.364154e-01
3.980000e+00 3.358071e-01
3.985000e+00 3.351999e-01
3.990000e+00 3.345938e-01
3.995000e+00 3.339887e-01
4 3.333847e-01
4.005000e+00 3.327818e-01
4.010000e+00 3.321799e-01
4.015000e+00 3.315790e-01
4.020000e+00 3.309792e-01
4.025000e+00 3.303805e-01
4.030000e+00 3.297828e-01
4.035000e+00 3.291862e-01
4.040000e+00 3.285906e-01
4.045000e+00 3.279961e-01
4.050000e+00 3.274026e-01
4.055000e+00 3.268101e-01
4.060000e+00 3.262188e-01
4.065000e+00 3.256284e-01
4.070000e+00 3.250391e-01
4.075000e+00 3.244508e-01
4.080000e+00 3.238636e-01
4.085000e+00 3.232774e-01
4.090000e+00 3.226922e-01
4.095000e+00 3.221081e-01
4.100000e+00 3.215250e-01
4.105000e+00 3.209429e-01
4.110000e+00 3.203619e-01
4.115000e+00 3.197818e-01
4.120000e+00 3.192029e-01
4.125000e+00 3.186249e-01
4.130000e+00 3.180480e-01
4.135000e+00 3.174720e-01
4.140000e+00 3.168971e-01
4.145000e+00 3.163233e-01
4.150000e+00 3.157504e-01
4.155000e+00 3.151785e-01
4.160000e+00 3.146077e-01
4.165000e+00 3.140379e-01
4.170000e+00 3.134691e-01
4.175000e+00 3.129013e-01
4.180000e+00 3.123345e-01
4.185000e+00 3.117687e-01
4.190000e+00 3.112039e-01
4.195000e+00 3.106402e-01
4.200000e+00 3.100774e-01
4.205000e+00 3.095156e-01
4.210000e+00 3.089549e-01
4.215000e+00 3.083951e-01
4.220000e+00 3.078363e-01
4.225000e+00 3.072785e-01
4.230000e+00 3.067217e-01
4.235000e+00 3.061660e-01
4.240000e+00 3.056111e-01
4.245000e+00 3.050573e-01
4.250000e+00 3.045045e-01
4.255000e+00 3.039527e-01
4.260000e+00 3.034018e-01
4.265000e+00 3.028519e-01
4.270000e+00 3.023030e-01
4.275000e+00 3.017551e-01
4.280000e+00 3.012082e-01
4.285000e+00 3.006622e-01
4.290000e+00 3.001173e-01
4.295000e+00 2.995733e-01
4.300000e+00 2.990302e-01
4.305000e+00 2.984882e-01
4.310000e+00 2.979471e-01
4.315000e+00 2.974070e-01
4.320000e+00 2.968678e-01
4.325000e+00 2.963296e-01
4.330000e+00 2.957924e-01
4.335000e+00 2.952561e-01
4.340000e+00 2.947208e-01
4.345000e+00 2.941865e-01
4.350000e+00 2.936531e-01
4.355000e+00 2.931206e-01
4.360000e+00 2.925892e-01
4.365000e+00 2.920586e-01
4.370000e+00 2.915291e-01
4.375000e+00 2.910005e-01
4.380000e+00 2.904728e-01
4.385000e+00 2.899461e-01
4.390000e+00 2.894203e-01
4.395000e+00 2.888955e-01
4.400000e+00 2.883716e-01
4.405000e+00 2.878486e-01
4.410000e+00 2.873266e-01
4.415000e+00 2.868055e-01
4.420000e+00 2.862854e-01
4.425000e+00 2.857662e-01
4.430000e+00 2.852479e-01
4.435000e+00 2.847306e-01
4.440000e+00 2.842142e-01
4.445000e+00 2.836987e-01
4.450000e+00 2.831842e-01
4.455000e+00 2.826706e-01
4.460000e+00 2.821579e-01
4.465000e+00 2.816461e-01
4.470000e+00 2.811353e-01
4.475000e+00 2.806253e-01
4.480000e+00 2.801163e-01
4.485000e+00 2.796082e-01
4.490000e+00 2.791011e-01
4.495000e+00 2.785948e-01
4.500000e+00 2.780895e-01
4.505000e+00 2.775850e-01
4.510000e+00 2.770815e-01
4.515000e+00 2.765789e-01
4.520000e+00 2.760772e-01
4.525000e+00 2.755764e-01
4.530000e+00 2.750765e-01
4.535000e+00 2.745775e-01
4.540000e+00 2.740794e-01
4.545000e+00 2.735822e-01
4.550000e+00 2.730859e-01
4.555000e+00 2.725905e-01
4.560000e+00 2.720960e-01
4.565000e+00 2.716024e-01
4.570000e+00 2.711097e-01
4.575000e+00 2.706178e-01
4.580000e+00 2.701269e-01
4.585000e+00 2.696369e-01
4.590000e+00 2.691477e-01
4.595000e+00 2.686594e-01
4.600000e+00 2.681720e-01
4.605000e+00 2.676855e-01
4.610000e+00 2.671999e-01
4.615000e+00 2.667151e-01
4.620000e+00 2.662312e-01
4.625000e+00 2.657482e-01
4.630000e+00 2.652661e-01
4.635000e+00 2.647849e-01
4.640000e+00 2.643045e-01
4.645000e+00 2.638250e-01
4.650000e+00 2.633463e-01
4.655000e+00 2.628686e-01
4.660000e+00 2.623917e-01
4.665000e+00 2.619156e-01
4.670000e+00 2.614404e-01
4.675000e+00 2.609661e-01
4.680000e+00 2.604927e-01
4.685000e+00 2.600201e-01
4.690000e+00 2.595483e-01
4.695000e+00 2.590774e-01
4.700000e+00 2.586074e-01
4.705000e+00 2.581382e-01
4.710000e+00 2.576699e-01
4.715000e+00 2.572024e-01
4.720000e+00 2.567358e-01
4.725000e+00 2.562700e-01
4.730000e+00 2.558051e-01
4.735000e+00 2.553410e-01
4.740000e+00 2.548777e-01
4.745000e+00 2.544153e-01
4.750000e+00 2.539538e-01
4.755000e+00 2.534930e-01
4.760000e+00 2.530331e-01
4.765000e+00 2.525741e-01
4.770000e+00 2.521158e-01
4.775000e+00 2.516585e-01
4.780000e+00 2.512019e-01
4.785000e+00 2.507462e-01
4.790000e+00 2.502913e-01
4.795000e+00 2.498372e-01
4.800000e+00 2.493839e-01
4.805000e+00 2.489315e-01
4.810000e+00 2.484799e-01
4.815000e+00 2.480291e-01
4.820000e+00 2.475792e-01
4.825000e+00 2.471300e-01
4.830000e+00 2.466817e-01
4.835000e+00 2.462342e-01
4.840000e+00 2.457875e-01
4.845000e+00 2.453416e-01
4.850000e+00 2.448965e-01
4.855000e+00 2.444523e-01
4.860000e+00 2.440088e-01
4.865000e+00 2.435662e-01
4.870000e+00 2.431243e-01
4.875000e+00 2.426833e-01
4.880000e+00 2.422431e-01
4.885000e+00 2.418036e-01
4.890000e+00 2.413650e-01
4.895000e+00 2.409272e-01
4.900000e+00 2.404901e-01
4.905000e+00 2.400539e-01
4.910000e+00 2.396184e-01
4.915000e+00 2.391838e-01
4.920000e+00 2.387499e-01
4.925000e+00 2.383169e-01
4.930000e+00 2.378846e-01
4.935000e+00 2.374531e-01
4.940000e+00 2.370224e-01
4.945000e+00 2.365925e-01
4.950000e+00 2.361633e-01
4.955000e+00 2.357350e-01
4.960000e+00 2.353074e-01
4.965000e+00 2.348806e-01
4.970000e+00 2.344546e-01
4.975000e+00 2.340293e-01
4.980000e+00 2.336048e-01
4.985000e+00 2.331811e-01
4.990000e+00 2.327582e-01
4.995000e+00 2.323361e-01
5 2.319147e-01
5.005000e+00 2.314941e-01
5.010000e+00 2.310742e-01
5.015000e+00 2.306551e-01
5.020000e+00 2.302368e-01
5.025000e+00 2.298193e-01
5.030000e+00 2.294025e-01
5.035000e+00 2.289864e-01
5.040000e+00 2.285712e-01
5.045000e+00 2.281567e-01
5.050000e+00 2.277429e-01
5.055000e+00 2.273299e-01
5.060000e+00 2.269176e-01
5.065000e+00 2.265061e-01
5.070000e+00 2.260954e-01
5.075000e+00 2.256854e-01
5.080000e+00 2.252761e-01
5.085000e+00 2.248676e-01
5.090000e+00 2.244599e-01
5.095000e+00 2.240529e-01
5.100000e+00 2.236466e-01
5.105000e+00 2.232410e-01
5.110000e+00 2.228363e-01
5.115000e+00 2.224322e-01
5.120000e+00 2.220289e-01
5.125000e+00 2.216263e-01
5.130000e+00 2.212245e-01
5.135000e+00 2.208233e-01
5.140000e+00 2.204230e-01
5.145000e+00 2.200233e-01
5.150000e+00 2.196244e-01
5.155000e+00 2.192262e-01
5.160000e+00 2.188287e-01
5.165000e+00 2.184320e-01
5.170000e+00 2.180360e-01
5.175000e+00 2.176407e-01
5.180000e+00 2.172461e-01
5.185000e+00 2.168523e-01
5.190000e+00 2.164591e-01
5.195000e+00 2.160667e-01
5.200000e+00 2.156750e-01
5.205000e+00 2.152840e-01
5.210000e+00 2.148938e-01
5.215000e+00 2.145042e-01
5.220000e+00 2.141154e-01
5.225000e+00 2.137272e-01
5.230000e+00 2.133398e-01
5.235000e+00 2.129531e-01
5.240000e+00 2.125671e-01
5.245000e+00 2.121818e-01
5.250000e+00 2.117972e-01
5.255000e+00 2.114133e-01
5.260000e+00 2.110301e-01
5.265000e+00 2.106476e-01
5.270000e+00 2.102658e-01
5.275000e+00 2.098847e-01
5.280000e+00 2.095042e-01
5.285000e+00 2.091245e-01
5.290000e+00 2.087455e-01
5.295000e+00 2.083672e-01
5.300000e+00 2.079895e-01
5.305000e+00 2.076126e-01
5.310000e+00 2.072363e-01
5.315000e+00 2.068608e-01
5.320000e+00 2.064859e-01
5.325000e+00 2.061117e-01
5.330000e+00 2.057382e-01
5.335000e+00 2.053653e-01
5.340000e+00 2.049932e-01
5.345000e+00 2.046217e-01
5.350000e+00 2.042509e-01
5.355000e+00 2.038808e-01
5.360000e+00 2.035113e-01
5.365000e+00 2.031425e-01
5.370000e+00 2.027744e-01
5.375000e+00 2.024070e-01
5.380000e+00 2.020403e-01
5.385000e+00 2.016742e-01
5.390000e+00 2.013088e-01
5.395000e+00 2.009440e-01
5.400000e+00 2.005799e-01
5.405000e+00 2.002165e-01
5.410000e+00 1.998538e-01
5.415000e+00 1.994917e-01
5.420000e+00 1.991302e-01
5.425000e+00 1.987695e-01
5.430000e+00 1.984094e-01
5.435000e+00 1.980499e-01
5.440000e+00 1.976911e-01
5.445000e+00 1.973330e-01
5.450000e+00 1.969755e-01
5.455000e+00 1.966187e-01
5.460000e+00 1.962625e-01
5.465000e+00 1.959069e-01
5.470000e+00 1.955521e-01
5.475000e+00 1.951978e-01
5.480000e+00 1.948442e-01
5.485000e+00 1.944913e-01
5.490000e+00 1.941390e-01
5.495000e+00 1.937873e-01
5.500000e+00 1.934363e-01
5.505000e+00 1.930860e-01
5.510000e+00 1.927362e-01
5.515000e+00 1.923871e-01
5.520000e+00 1.920387e-01
5.525000e+00 1.916908e-01
5.530000e+00 1.913437e-01
5.535000e+00 1.909971e-01
5.540000e+00 1.906512e-01
5.545000e+00 1.903059e-01
5.550000e+00 1.899613e-01
5.555000e+00 1.896172e-01
5.560000e+00 1.892738e-01
5.565000e+00 1.889311e-01
5.570000e+00 1.885889e-01
5.575000e+00 1.882474e-01
5.580000e+00 1.879065e-01
5.585000e+00 1.875662e-01
5.590000e+00 1.872266e-01
5.595000e+00 1.868875e-01
5.600000e+00 1.865491e-01
5.605000e+00 1.862113e-01
5.610000e+00 1.858741e-01
5.615000e+00 1.855376e-01
5.620000e+00 1.852016e-01
5.625000e+00 1.848663e-01
5.630000e+00 1.845315e-01
5.635000e+00 1.841974e-01
5.640000e+00 1.838639e-01
5.645000e+00 1.835310e-01
5.650000e+00 1.831987e-01
5.655000e+00 1.828671e-01
5.660000e+00 1.825360e-01
5.665000e+00 1.822055e-01
5.670000e+00 1.818756e-01
5.675000e+00 1.815464e-01
5.680000e+00 1.812177e-01
5.685000e+00 1.808896e-01
5.690000e+00 1.805622e-01
5.695000e+00 1.802353e-01
5.700000e+00 1.799090e-01
5.705000e+00 1.795833e-01
5.710000e+00 1.792583e-01
5.715000e+00 1.789338e-01
5.720000e+00 1.786099e-01
5.725000e+00 1.782866e-01
5.730000e+00 1.779638e-01
5.735000e+00 1.776417e-01
5.740000e+00 1.773202e-01
5.745000e+00 1.769992e-01
5.750000e+00 1.766788e-01
5.755000e+00 1.763591e-01
5.760000e+00 1.760399e-01
5.765000e+00 1.757212e-01
5.770000e+00 1.754032e-01
5.775000e+00 1.750857e-01
5.780000e+00 1.747689e-01
5.785000e+00 1.744526e-01
5.790000e+00 1.741368e-01
5.795000e+00 1.738217e-01
5.800000e+00 1.735071e-01
5.805000e+00 1.731931e-01
5.810000e+00 1.728797e-01
5.815000e+00 1.725668e-01
5.820000e+00 1.722545e-01
5.825000e+00 1.719428e-01
5.830000e+00 1.716317e-01
5.835000e+00 1.713211e-01
5.840000e+00 1.710111e-01
5.845000e+00 1.707016e-01
5.850000e+00 1.703928e-01
5.855000e+00 1.700844e-01
5.860000e+00 1.697767e-01
5.865000e+00 1.694695e-01
5.870000e+00 1.691628e-01
5.875000e+00 1.688568e-01
5.880000e+00 1.685512e-01
5.885000e+00 1.682463e-01
5.890000e+00 1.679419e-01
5.895000e+00 1.676380e-01
5.900000e+00 1.673347e-01
5.905000e+00 1.670320e-01
5.910000e+00 1.667298e-01
5.915000e+00 1.664281e-01
5.920000e+00 1.661270e-01
5.925000e+00 1.658265e-01
5.930000e+00 1.655265e-01
5.935000e+00 1.652270e-01
5.940000e+00 1.649281e-01
5.945000e+00 1.646298e-01
5.950000e+00 1.643320e-01
5.955000e+00 1.640347e-01
5.960000e+00 1.637379e-01
5.965000e+00 1.634418e-01
5.970000e+00 1.631461e-01
5.975000e+00 1.628510e-01
5.980000e+00 1.625564e-01
5.985000e+00 1.622624e-01
5.990000e+00 1.619689e-01
5.995000e+00 1.616759e-01
6 1.613835e-01
6.005000e+00 1.610916e-01
6.010000e+00 1.608002e-01
6.015000e+00 1.605094e-01
6.020000e+00 1.602190e-01
6.025000e+00 1.599293e-01
6.030000e+00 1.596400e-01
6.035000e+00 1.593513e-01
6.040000e+00 1.590631e-01
6.045000e+00 1.587754e-01
6.050000e+00 1.584883e-01
6.055000e+00 1.582016e-01
6.060000e+00 1.579155e-01
6.065000e+00 1.576299e-01
6.070000e+00 1.573449e-01
6.075000e+00 1.570603e-01
6.080000e+00 1.567763e-01
6.085000e+00 1.564928e-01
6.090000e+00 1.562098e-01
6.095000e+00 1.559273e-01
6.100000e+00 1.556453e-01
6.105000e+00 1.553639e-01
6.110000e+00 1.550829e-01
6.115000e+00 1.548025e-01
6.120000e+00 1.545226e-01
6.125000e+00 1.542432e-01
6.130000e+00 1.539643e-01
6.135000e+00 1.536859e-01
6.140000e+00 1.534080e-01
6.145000e+00 1.531306e-01
6.150000e+00 1.528537e-01
6.155000e+00 1.525774e-01
6.160000e+00 1.523015e-01
6.165000e+00 1.520261e-01
6.170000e+00 1.517513e-01
6.175000e+00 1.514769e-01
6.180000e+00 1.512030e-01
6.185000e+00 1.509297e-01
6.190000e+00 1.506568e-01
6.195000e+00 1.503844e-01
6.200000e+00 1.501125e-01
6.205000e+00 1.498411e-01
6.210000e+00 1.495703e-01
6.215000e+00 1.492999e-01
6.220000e+00 1.490299e-01
6.225000e+00 1.487605e-01
6.230000e+00 1.484916e-01
6.235000e+00 1.482232e-01
6.240000e+00 1.479552e-01
6.245000e+00 1.476878e-01
6.250000e+00 1.474208e-01
6.255000e+00 1.471543e-01
6.260000e+00 1.468883e-01
6.265000e+00 1.466228e-01
6.270000e+00 1.463577e-01
6.275000e+00 1.460932e-01
6.280000e+00 1.458291e-01
6.285000e+00 1.455655e-01
6.290000e+00 1.453024e-01
6.295000e+00 1.450397e-01
6.300000e+00 1.447776e-01
6.305000e+00 1.445159e-01
6.310000e+00 1.442547e-01
6.315000e+00 1.439940e-01
6.320000e+00 1.437337e-01
6.325000e+00 1.434739e-01
6.330000e+00 1.432146e-01
6.335000e+00 1.429558e-01
6.340000e+00 1.426974e-01
6.345000e+00 1.424395e-01
6.350000e+00 1.421821e-01
6.355000e+00 1.419251e-01
6.360000e+00 1.416686e-01
6.365000e+00 1.414126e-01
6.370000e+00 1.411570e-01
6.375000e+00 1.409019e-01
6.380000e+00 1.406472e-01
6.385000e+00 1.403931e-01
6.390000e+00 1.401394e-01
6.395000e+00 1.398861e-01
6.400000e+00 1.396333e-01
6.405000e+00 1.393810e-01
6.410000e+00 1.391291e-01
6.415000e+00 1.388777e-01
6.420000e+00 1.386267e-01
6.425000e+00 1.383762e-01
6.430000e+00 1.381262e-01
6.435000e+00 1.378766e-01
6.440000e+00 1.376274e-01
6.445000e+00 1.373787e-01
6.450000e+00 1.371305e-01
6.455000e+00 1.368827e-01
6.460000e+00 1.366354e-01
6.465000e+00 1.363885e-01
6.470000e+00 1.361420e-01
6.475000e+00 1.358960e-01
6.480000e+00 1.356505e-01
6.485000e+00 1.354054e-01
6.490000e+00 1.351607e-01
6.495000e+00 1.349165e-01
6.500000e+00 1.346727e-01
6.505000e+00 1.344294e-01
6.510000e+00 1.341865e-01
6.515000e+00 1.339441e-01
6.520000e+00 1.337021e-01
6.525000e+00 1.334605e-01
6.530000e+00 1.332194e-01
6.535000e+00 1.329787e-01
6.540000e+00 1.327384e-01
6.545000e+00 1.324986e-01
6.550000e+00 1.322593e-01
6.555000e+00 1.320203e-01
6.560000e+00 1.317818e-01
6.565000e+00 1.315437e-01
6.570000e+00 1.313061e-01
6.575000e+00 1.310689e-01
6.580000e+00 1.308321e-01
6.585000e+00 1.305957e-01
6.590000e+00 1.303598e-01
6.595000e+00 1.301243e-01
6.600000e+00 1.298892e-01
6.605000e+00 1.296546e-01
6.610000e+00 1.294204e-01
6.615000e+00 1.291866e-01
6.620000e+00 1.289532e-01
6.625000e+00 1.287202e-01
6.630000e+00 1.284877e-01
6.635000e+00 1.282556e-01
6.640000e+00 1.280239e-01
6.645000e+00 1.277927e-01
6.650000e+00 1.275618e-01
6.655000e+00 1.273314e-01
6.660000e+00 1.271014e-01
6.665000e+00 1.268718e-01
6.670000e+00 1.266426e-01
6.675000e+00 1.264139e-01
6.680000e+00 1.261855e-01
6.685000e+00 1.259576e-01
6.690000e+00 1.257301e-01
6.695000e+00 1.255030e-01
6.700000e+00 1.252763e-01
6.705000e+00 1.250500e-01
6.710000e+00 1.248242e-01
6.715000e+00 1.245987e-01
6.720000e+00 1.243737e-01
6.725000e+00 1.241490e-01
6.730000e+00 1.239248e-01
6.735000e+00 1.237009e-01
6.740000e+00 1.234775e-01
6.745000e+00 1.232545e-01
6.750000e+00 1.230319e-01
6.755000e+00 1.228097e-01
6.760000e+00 1.225879e-01
6.765000e+00 1.223665e-01
6.770000e+00 1.221455e-01
6.775000e+00 1.219249e-01
6.780000e+00 1.217047e-01
6.785000e+00 1.214849e-01
6.790000e+00 1.212654e-01
6.795000e+00 1.210464e-01
6.800000e+00 1.208278e-01
6.805000e+00 1.206096e-01
6.810000e+00 1.203918e-01
6.815000e+00 1.201744e-01
6.820000e+00 1.199573e-01
6.825000e+00 1.197407e-01
6.830000e+00 1.195245e-01
6.835000e+00 1.193086e-01
6.840000e+00 1.190931e-01
6.845000e+00 1.188781e-01
6.850000e+00 1.186634e-01
6.855000e+00 1.184491e-01
6.860000e+00 1.182352e-01
6.865000e+00 1.180217e-01
6.870000e+00 1.178085e-01
6.875000e+00 1.175958e-01
6.880000e+00 1.173834e-01
6.885000e+00 1.171715e-01
6.890000e+00 1.169599e-01
6.895000e+00 1.167487e-01
6.900000e+00 1.165378e-01
6.905000e+00 1.163274e-01
6.910000e+00 1.161173e-01
6.915000e+00 1.159076e-01
6.920000e+00 1.156983e-01
6.925000e+00 1.154894e-01
6.930000e+00 1.152809e-01
6.935000e+00 1.150727e-01
6.940000e+00 1.148649e-01
6.945000e+00 1.146575e-01
6.950000e+00 1.144505e-01
6.955000e+00 1.142438e-01
6.960000e+00 1.140375e-01
6.965000e+00 1.138316e-01
6.970000e+00 1.136260e-01
6.975000e+00 1.134209e-01
6.980000e+00 1.132161e-01
6.985000e+00 1.130116e-01
6.990000e+00 1.128076e-01
6.995000e+00 1.126039e-01
7 1.124006e-01
7.005000e+00 1.121976e-01
7.010000e+00 1.119950e-01
7.015000e+00 1.117928e-01
7.020000e+00 1.115910e-01
7.025000e+00 1.113895e-01
7.030000e+00 1.111884e-01
7.035000e+00 1.109876e-01
7.040000e+00 1.107872e-01
7.045000e+00 1.105872e-01
7.050000e+00 1.103875e-01
7.055000e+00 1.101882e-01
7.060000e+00 1.099892e-01
7.065000e+00 1.097907e-01
7.070000e+00 1.095924e-01
7.075000e+00 1.093946e-01
7.080000e+00 1.091971e-01
7.085000e+00 1.089999e-01
7.090000e+00 1.088031e-01
7.095000e+00 1.086067e-01
7.100000e+00 1.084106e-01
7.105000e+00 1.082148e-01
7.110000e+00 1.080195e-01
7.115000e+00 1.078244e-01
7.120000e+00 1.076298e-01
7.125000e+00 1.074354e-01
7.130000e+00 1.072415e-01
7.135000e+00 1.070479e-01
7.140000e+00 1.068546e-01
7.145000e+00 1.066617e-01
7.150000e+00 1.064691e-01
7.155000e+00 1.062769e-01
7.160000e+00 1.060850e-01
7.165000e+00 1.058935e-01
7.170000e+00 1.057023e-01
7.175000e+00 1.055115e-01
7.180000e+00 1.053210e-01
7.185000e+00 1.051309e-01
7.190000e+00 1.049411e-01
7.195000e+00 1.047516e-01
7.200000e+00 1.045625e-01
7.205000e+00 1.043737e-01
7.210000e+00 1.041853e-01
7.215000e+00 1.039972e-01
7.220000e+00 1.038095e-01
7.225000e+00 1.036220e-01
7.230000e+00 1.034350e-01
7.235000e+00 1.032482e-01
7.240000e+00 1.030619e-01
7.245000e+00 1.028758e-01
7.250000e+00 1.026901e-01
7.255000e+00 1.025047e-01
7.260000e+00 1.023196e-01
7.265000e+00 1.021349e-01
7.270000e+00 1.019505e-01
7.275000e+00 1.017665e-01
7.280000e+00 1.015828e-01
7.285000e+00 1.013994e-01
7.290000e+00 1.012163e-01
7.295000e+00 1.010336e-01
7.300000e+00 1.008512e-01
7.305000e+00 1.006692e-01
7.310000e+00 1.004874e-01
7.315000e+00 1.003060e-01
7.320000e+00 1.001250e-01
7.325000e+00 9.994422e-02
7.330000e+00 9.976380e-02
7.335000e+00 9.958371e-02
7.340000e+00 9.940394e-02
7.345000e+00 9.922450e-02
7.350000e+00 9.904538e-02
7.355000e+00 9.886658e-02
7.360000e+00 9.868811e-02
7.365000e+00 9.850996e-02
7.370000e+00 9.833213e-02
7.375000e+00 9.815463e-02
7.380000e+00 9.797744e-02
7.385000e+00 9.780058e-02
7.390000e+00 9.762403e-02
7.395000e+00 9.744781e-02
7.400000e+00 9.727190e-02
7.405000e+00 9.709631e-02
7.410000e+00 9.692103e-02
7.415000e+00 9.674608e-02
7.420000e+00 9.657144e-02
7.425000e+00 9.639711e-02
7.430000e+00 9.622311e-02
7.435000e+00 9.604941e-02
7.440000e+00 9.587603e-02
7.445000e+00 9.570296e-02
7.450000e+00 9.553021e-02
7.455000e+00 9.535777e-02
7.460000e+00 9.518563e-02
7.465000e+00 9.501381e-02
7.470000e+00 9.484230e-02
7.475000e+00 9.467110e-02
7.480000e+00 9.450021e-02
7.485000e+00 9.432963e-02
7.490000e+00 9.415936e-02
7.495000e+00 9.398939e-02
7.500000e+00 9.381974e-02
7.505000e+00 9.365038e-02
7.510000e+00 9.348134e-02
7.515000e+00 9.331260e-02
7.520000e+00 9.314416e-02
7.525000e+00 9.297603e-02
7.530000e+00 9.280820e-02
7.535000e+00 9.264068e-02
7.540000e+00 9.247345e-02
7.545000e+00 9.230653e-02
7.550000e+00 9.213992e-02
7.555000e+00 9.197360e-02
7.560000e+00 9.180758e-02
7.565000e+00 9.164186e-02
7.570000e+00 9.147645e-02
7.575000e+00 9.131133e-02
7.580000e+00 9.114651e-02
7.585000e+00 9.098198e-02
7.590000e+00 9.081776e-02
7.595000e+00 9.065383e-02
7.600000e+00 9.049020e-02
7.605000e+00 9.032686e-02
7.610000e+00 9.016382e-02
7.615000e+00 9.000107e-02
7.620000e+00 8.983861e-02
7.625000e+00 8.967645e-02
7.630000e+00 8.951458e-02
7.635000e+00 8.935301e-02
7.640000e+00 8.919173e-02
7.645000e+00 8.903073e-02
7.650000e+00 8.887003e-02
7.655000e+00 8.870962e-02
7.660000e+00 8.854950e-02
7.665000e+00 8.838967e-02
7.670000e+00 8.823012e-02
7.675000e+00 8.807087e-02
7.680000e+00 8.791190e-02
7.685000e+00 8.775322e-02
7.690000e+00 8.759482e-02
7.695000e+00 8.743671e-02
7.700000e+00 8.727889e-02
7.705000e+00 8.712135e-02
7.710000e+00 8.696410e-02
7.715000e+00 8.680713e-02
7.720000e+00 8.665044e-02
7.725000e+00 8.649404e-02
7.730000e+00 8.633792e-02
7.735000e+00 8.618208e-02
7.740000e+00 8.602652e-02
7.745000e+00 8.587125e-02
7.750000e+00 8.571625e-02
7.755000e+00 8.556154e-02
7.760000e+00 8.540710e-02
7.765000e+00 8.525294e-02
7.770000e+00 8.509906e-02
7.775000e+00 8.494546e-02
7.780000e+00 8.479213e-02
7.785000e+00 8.463909e-02
7.790000e+00 8.448631e-02
7.795000e+00 8.433382e-02
7.800000e+00 8.418160e-02
7.805000e+00 8.402965e-02
7.810000e+00 8.387798e-02
7.815000e+00 8.372658e-02
7.820000e+00 8.357546e-02
7.825000e+00 8.342461e-02
7.830000e+00 8.327403e-02
7.835000e+00 8.312372e-02
7.840000e+00 8.297369e-02
7.845000e+00 8.282392e-02
7.850000e+00 8.267443e-02
7.855000e+00 8.252520e-02
7.860000e+00 8.237625e-02
7.865000e+00 8.222756e-02
7.870000e+00 8.207914e-02
7.875000e+00 8.193099e-02
7.880000e+00 8.178311e-02
7.885000e+00 8.163550e-02
7.890000e+00 8.148815e-02
7.895000e+00 8.134106e-02
7.900000e+00 8.119425e-02
7.905000e+00 8.104769e-02
7.910000e+00 8.090141e-02
7.915000e+00 8.075538e-02
7.920000e+00 8.060962e-02
7.925000e+00 8.046412e-02
7.930000e+00 8.031889e-02
7.935000e+00 8.017392e-02
7.940000e+00 8.002921e-02
7.945000e+00 7.988476e-02
7.950000e+00 7.974057e-02
7.955000e+00 7.959664e-02
7.960000e+00 7.945297e-02
7.965000e+00 7.930956e-02
7.970000e+00 7.916641e-02
7.975000e+00 7.902352e-02
7.980000e+00 7.888088e-02
7.985000e+00 7.873851e-02
7.990000e+00 7.859639e-02
7.995000e+00 7.845452e-02
8 7.831292e-02
8.005000e+00 7.817156e-02
8.010000e+00 7.803047e-02
8.015000e+00 7.788962e-02
8.020000e+00 7.774904e-02
8.025000e+00 7.760870e-02
8.030000e+00 7.746862e-02
8.035000e+00 7.732879e-02
8.040000e+00 7.718922e-02
8.045000e+00 7.704989e-02
8.050000e+00 7.691082e-02
8.055000e+00 7.677200e-02
8.060000e+00 7.663343e-02
8.065000e+00 7.649511e-02
8.070000e+00 7.635704e-02
8.075000e+00 7.621922e-02
8.080000e+00 7.608164e-02
8.085000e+00 7.594432e-02
8.090000e+00 7.580724e-02
8.095000e+00 7.567041e-02
8.100000e+00 7.553383e-02
8.105000e+00 7.539749e-02
8.110000e+00 7.526140e-02
8.115000e+00 7.512556e-02
8.120000e+00 7.498996e-02
8.125000e+00 7.485460e-02
8.130000e+00 7.471949e-02
8.135000e+00 7.458463e-02
8.140000e+00 7.445000e-02
8.145000e+00 7.431562e-02
8.150000e+00 7.418148e-02
8.155000e+00 7.404759e-02
8.160000e+00 7.391393e-02
8.165000e+00 7.378052e-02
8.170000e+00 7.364735e-02
8.175000e+00 7.351442e-02
8.180000e+00 7.338172e-02
8.185000e+00 7.324927e-02
8.190000e+00 7.311706e-02
8.195000e+00 7.298508e-02
8.200000e+00 7.285335e-02
8.205000e+00 7.272185e-02
8.210000e+00 7.259058e-02
8.215000e+00 7.245956e-02
8.220000e+00 7.232877e-02
8.225000e+00 7.219822e-02
8.230000e+00 7.206790e-02
8.235000e+00 7.193782e-02
8.240000e+00 7.180797e-02
8.245000e+00 7.167836e-02
8.250000e+00 7.154898e-02
8.255000e+00 7.141983e-02
8.260000e+00 7.129092e-02
8.265000e+00 7.116224e-02
8.270000e+00 7.103379e-02
8.275000e+00 7.090558e-02
8.280000e+00 7.077759e-02
8.285000e+00 7.064984e-02
8.290000e+00 7.052232e-02
8.295000e+00 7.039502e-02
8.300000e+00 7.026796e-02
8.305000e+00 7.014113e-02
8.310000e+00 7.001452e-02
8.315000e+00 6.988815e-02
8.320000e+00 6.976200e-02
8.325000e+00 6.963608e-02
8.330000e+00 6.951038e-02
8.335000e+00 6.938491e-02
8.340000e+00 6.925967e-02
8.345000e+00 6.913466e-02
8.350000e+00 6.900987e-02
8.355000e+00 6.888531e-02
8.360000e+00 6.876097e-02
8.365000e+00 6.863685e-02
8.370000e+00 6.851296e-02
8.375000e+00 6.838929e-02
8.380000e+00 6.826585e-02
8.385000e+00 6.814263e-02
8.390000e+00 6.801963e-02
8.395000e+00 6.789685e-02
8.400000e+00 6.777429e-02
8.405000e+00 6.765196e-02
8.410000e+00 6.752985e-02
8.415000e+00 6.740795e-02
8.420000e+00 6.728628e-02
8.425000e+00 6.716482e-02
8.430000e+00 6.704359e-02
8.435000e+00 6.692257e-02
8.440000e+00 6.680177e-02
8.445000e+00 6.668119e-02
8.450000e+00 6.656083e-02
8.455000e+00 6.644069e-02
8.460000e+00 6.632076e-02
8.465000e+00 6.620105e-02
8.470000e+00 6.608155e-02
8.475000e+00 6.596227e-02
8.480000e+00 6.584320e-02
8.485000e+00 6.572435e-02
8.490000e+00 6.560572e-02
8.495000e+00 6.548730e-02
8.500000e+00 6.536909e-02
8.505000e+00 6.525109e-02
8.510000e+00 6.513331e-02
8.515000e+00 6.501574e-02
8.520000e+00 6.489838e-02
8.525000e+00 6.478124e-02
8.530000e+00 6.466430e-02
8.535000e+00 6.454758e-02
8.540000e+00 6.443107e-02
8.545000e+00 6.431476e-02
8.550000e+00 6.419867e-02
8.555000e+00 6.408279e-02
8.560000e+00 6.396711e-02
8.565000e+00 6.385165e-02
8.570000e+00 6.373639e-02
8.575000e+00 6.362134e-02
8.580000e+00 6.350650e-02
8.585000e+00 6.339186e-02
8.590000e+00 6.327744e-02
8.595000e+00 6.316321e-02
8.600000e+00 6.304920e-02
8.605000e+00 6.293539e-02
8.610000e+00 6.282179e-02
8.615000e+00 6.270839e-02
8.620000e+00 6.259519e-02
8.625000e+00 6.248220e-02
8.630000e+00 6.236941e-02
8.635000e+00 6.225683e-02
8.640000e+00 6.214445e-02
8.645000e+00 6.203227e-02
8.650000e+00 6.192030e-02
8.655000e+00 6.180853e-02
8.660000e+00 6.169696e-02
8.665000e+00 6.158559e-02
8.670000e+00 6.147442e-02
8.675000e+00 6.136345e-02
8.680000e+00 6.125268e-02
8.685000e+00 6.114211e-02
8.690000e+00 6.103174e-02
8.695000e+00 6.092157e-02
8.700000e+00 6.081160e-02
8.705000e+00 6.070183e-02
8.710000e+00 6.059226e-02
8.715000e+00 6.048288e-02
8.720000e+00 6.037370e-02
8.725000e+00 6.026472e-02
8.730000e+00 6.015593e-02
8.735000e+00 6.004734e-02
8.740000e+00 5.993895e-02
8.745000e+00 5.983075e-02
8.750000e+00 5.972275e-02
8.755000e+00 5.961494e-02
8.760000e+00 5.950733e-02
8.765000e+00 5.939991e-02
8.770000e+00 5.929268e-02
8.775000e+00 5.918565e-02
8.780000e+00 5.907881e-02
8.785000e+00 5.897216e-02
8.790000e+00 5.886571e-02
8.795000e+00 5.875945e-02
8.800000e+00 5.865338e-02
8.805000e+00 5.854750e-02
8.810000e+00 5.844181e-02
8.815000e+00 5.833632e-02
8.820000e+00 5.823101e-02
8.825000e+00 5.812589e-02
8.830000e+00 5.802097e-02
8.835000e+00 5.791623e-02
8.840000e+00 5.781168e-02
8.845000e+00 5.770732e-02
8.850000e+00 5.760315e-02
8.855000e+00 5.749916e-02
8.860000e+00 5.739537e-02
8.865000e+00 5.729176e-02
8.870000e+00 5.718834e-02
8.875000e+00 5.708510e-02
8.880000e+00 5.698205e-02
8.885000e+00 5.687919e-02
8.890000e+00 5.677651e-02
8.895000e+00 5.667402e-02
8.900000e+00 5.657171e-02
8.905000e+00 5.646959e-02
8.910000e+00 5.636765e-02
8.915000e+00 5.626590e-02
8.920000e+00 5.616432e-02
8.925000e+00 5.606294e-02
8.930000e+00 5.596173e-02
8.935000e+00 5.586071e-02
8.940000e+00 5.575987e-02
8.945000e+00 5.565921e-02
8.950000e+00 5.555873e-02
8.955000e+00 5.545844e-02
8.960000e+00 5.535833e-02
8.965000e+00 5.525839e-02
8.970000e+00 5.515864e-02
8.975000e+00 5.505906e-02
8.980000e+00 5.495967e-02
8.985000e+00 5.486046e-02
8.990000e+00 5.476142e-02
8.995000e+00 5.466257e-02
9 5.456389e-02
9.005000e+00 5.446539e-02
9.010000e+00 5.436706e-02
9.015000e+00 5.426892e-02
9.020000e+00 5.417095e-02
9.025000e+00 5.407316e-02
9.030000e+00 5.397555e-02
9.035000e+00 5.387811e-02
9.040000e+00 5.378084e-02
9.045000e+00 5.368376e-02
9.050000e+00 5.358684e-02
9.055000e+00 5.349011e-02
9.060000e+00 5.339354e-02
9.065000e+00 5.329716e-02
9.070000e+00 5.320094e-02
9.075000e+00 5.310490e-02
9.080000e+00 5.300903e-02
9.085000e+00 5.291334e-02
9.090000e+00 5.281782e-02
9.095000e+00 5.272247e-02
9.100000e+00 5.262729e-02
9.105000e+00 5.253228e-02
9.110000e+00 5.243745e-02
9.115000e+00 5.234278e-02
9.120000e+00 5.224829e-02
9.125000e+00 5.215397e-02
9.130000e+00 5.205982e-02
9.135000e+00 5.196584e-02
9.140000e+00 5.187202e-02
9.145000e+00 5.177838e-02
9.150000e+00 5.168491e-02
9.155000e+00 5.159160e-02
9.160000e+00 5.149846e-02
9.165000e+00 5.140549e-02
9.170000e+00 5.131269e-02
9.175000e+00 5.122006e-02
9.180000e+00 5.112759e-02
9.185000e+00 5.103529e-02
9.190000e+00 5.094316e-02
9.195000e+00 5.085119e-02
9.200000e+00 5.075939e-02
9.205000e+00 5.066775e-02
9.210000e+00 5.057628e-02
9.215000e+00 5.048498e-02
9.220000e+00 5.039384e-02
9.225000e+00 5.030286e-02
9.230000e+00 5.021205e-02
9.235000e+00 5.012140e-02
9.240000e+00 5.003092e-02
9.245000e+00 4.994060e-02
9.250000e+00 4.985044e-02
9.255000e+00 4.976044e-02
9.260000e+00 4.967061e-02
9.265000e+00 4.958094e-02
9.270000e+00 4.949143e-02
9.275000e+00 4.940208e-02
9.280000e+00 4.931290e-02
9.285000e+00 4.922387e-02
9.290000e+00 4.913501e-02
9.295000e+00 4.904630e-02
9.300000e+00 4.895776e-02
9.305000e+00 4.886937e-02
9.310000e+00 4.878115e-02
9.315000e+00 4.869308e-02
9.320000e+00 4.860517e-02
9.325000e+00 4.851743e-02
9.330000e+00 4.842984e-02
9.335000e+00 4.834240e-02
9.340000e+00 4.825513e-02
9.345000e+00 4.816801e-02
9.350000e+00 4.808105e-02
9.355000e+00 4.799425e-02
9.360000e+00 4.790761e-02
9.365000e+00 4.782112e-02
9.370000e+00 4.773478e-02
9.375000e+00 4.764860e-02
9.380000e+00 4.756258e-02
9.385000e+00 4.747672e-02
9.390000e+00 4.739100e-02
9.395000e+00 4.730545e-02
9.400000e+00 4.722004e-02
9.405000e+00 4.713479e-02
9.410000e+00 4.704970e-02
9.415000e+00 4.696476e-02
9.420000e+00 4.687997e-02
9.425000e+00 4.679533e-02
9.430000e+00 4.671085e-02
9.435000e+00 4.662652e-02
9.440000e+00 4.654234e-02
9.445000e+00 4.645832e-02
9.450000e+00 4.637444e-02
9.455000e+00 4.629072e-02
9.460000e+00 4.620715e-02
9.465000e+00 4.612373e-02
9.470000e+00 4.604046e-02
9.475000e+00 4.595734e-02
9.480000e+00 4.587437e-02
9.485000e+00 4.579155e-02
9.490000e+00 4.570888e-02
9.495000e+00 4.562635e-02
9.500000e+00 4.554398e-02
9.505000e+00 4.546176e-02
9.510000e+00 4.537968e-02
9.515000e+00 4.529775e-02
9.520000e+00 4.521597e-02
9.525000e+00 4.513434e-02
9.530000e+00 4.505286e-02
9.535000e+00 4.497152e-02
9.540000e+00 4.489033e-02
9.545000e+00 4.480928e-02
9.550000e+00 4.472838e-02
9.555000e+00 4.464763e-02
9.560000e+00 4.456702e-02
9.565000e+00 4.448656e-02
9.570000e+00 4.440625e-02
9.575000e+00 4.432608e-02
9.580000e+00 4.424605e-02
9.585000e+00 4.416617e-02
9.590000e+00 4.408643e-02
9.595000e+00 4.400684e-02
9.600000e+00 4.392739e-02
9.605000e+00 4.384808e-02
9.610000e+00 4.376892e-02
9.615000e+00 4.368990e-02
9.620000e+00 4.361102e-02
9.625000e+00 4.353228e-02
9.630000e+00 4.345369e-02
9.635000e+00 4.337524e-02
9.640000e+00 4.329693e-02
9.645000e+00 4.321876e-02
9.650000e+00 4.314073e-02
9.655000e+00 4.306284e-02
9.660000e+00 4.298509e-02
9.665000e+00 4.290749e-02
9.670000e+00 4.283002e-02
9.675000e+00 4.275270e-02
9.680000e+00 4.267551e-02
9.685000e+00 4.259846e-02
9.690000e+00 4.252155e-02
9.695000e+00 4.244478e-02
9.700000e+00 4.236815e-02
9.705000e+00 4.229166e-02
9.710000e+00 4.221531e-02
9.715000e+00 4.213909e-02
9.720000e+00 4.206301e-02
9.725000e+00 4.198707e-02
9.730000e+00 4.191126e-02
9.735000e+00 4.183559e-02
9.740000e+00 4.176006e-02
9.745000e+00 4.168467e-02
9.750000e+00 4.160941e-02
9.755000e+00 4.153428e-02
9.760000e+00 4.145930e-02
9.765000e+00 4.138444e-02
9.770000e+00 4.130973e-02
9.775000e+00 4.123514e-02
9.780000e+00 4.116070e-02
9.785000e+00 4.108638e-02
9.790000e+00 4.101220e-02
9.795000e+00 4.093816e-02
9.800000e+00 4.086425e-02
9.805000e+00 4.079047e-02
9.810000e+00 4.071682e-02
9.815000e+00 4.064331e-02
9.820000e+00 4.056993e-02
9.825000e+00 4.049668e-02
9.830000e+00 4.042357e-02
9.835000e+00 4.035059e-02
9.840000e+00 4.027773e-02
9.845000e+00 4.020501e-02
9.850000e+00 4.013243e-02
9.855000e+00 4.005997e-02
9.860000e+00 3.998764e-02
9.865000e+00 3.991544e-02
9.870000e+00 3.984338e-02
9.875000e+00 3.977144e-02
9.880000e+00 3.969964e-02
9.885000e+00 3.962796e-02
9.890000e+00 3.955641e-02
9.895000e+00 3.948500e-02
9.900000e+00 3.941371e-02
9.905000e+00 3.934255e-02
9.910000e+00 3.927151e-02
9.915000e+00 3.920061e-02
9.920000e+00 3.912984e-02
9.925000e+00 3.905919e-02
9.930000e+00 3.898867e-02
9.935000e+00 3.891827e-02
9.940000e+00 3.884801e-02
9.945000e+00 3.877787e-02
9.950000e+00 3.870786e-02
9.955000e+00 3.863797e-02
9.960000e+00 3.856821e-02
9.965000e+00 3.849858e-02
9.970000e+00 3.842907e-02
9.975000e+00 3.835968e-02
9.980000e+00 3.829043e-02
9.985000e+00 3.822129e-02
9.990000e+00 3.815228e-02
9.995000e+00 3.808340e-02
10 3.801464e-02
