0 1
5.000000e-03 9.974834e-01
1.000000e-02 9.974213e-01
1.500000e-02 9.973262e-01
2.000000e-02 9.971984e-01
2.500000e-02 9.970380e-01
3.000000e-02 9.968453e-01
3.500000e-02 9.966203e-01
4.000000e-02 9.963632e-01
4.500000e-02 9.960743e-01
5.000000e-02 9.957537e-01
5.500000e-02 9.954015e-01
6.000000e-02 9.950180e-01
6.500000e-02 9.946034e-01
7.000000e-02 9.941577e-01
7.500000e-02 9.936813e-01
8.000000e-02 9.931742e-01
8.500000e-02 9.926367e-01
9.000000e-02 9.920689e-01
9.500000e-02 9.914710e-01
1.000000e-01 9.908433e-01
1.050000e-01 9.901858e-01
1.100000e-01 9.894989e-01
1.150000e-01 9.887826e-01
1.200000e-01 9.880371e-01
1.250000e-01 9.872627e-01
1.300000e-01 9.864596e-01
1.350000e-01 9.856279e-01
1.400000e-01 9.847677e-01
1.450000e-01 9.838795e-01
1.500000e-01 9.829632e-01
1.550000e-01 9.820191e-01
1.600000e-01 9.810473e-01
1.650000e-01 9.800482e-01
1.700000e-01 9.790219e-01
1.750000e-01 9.779685e-01
1.800000e-01 9.768883e-01
1.850000e-01 9.757814e-01
1.900000e-01 9.746481e-01
1.950000e-01 9.734886e-01
2.000000e-01 9.723030e-01
2.050000e-01 9.710916e-01
2.100000e-01 9.698545e-01
2.150000e-01 9.685920e-01
2.200000e-01 9.673042e-01
2.250000e-01 9.659914e-01
2.300000e-01 9.646537e-01
2.350000e-01 9.632913e-01
2.400000e-01 9.619045e-01
2.450000e-01 9.604935e-01
2.500000e-01 9.590584e-01
2.550000e-01 9.575994e-01
2.600000e-01 9.561168e-01
2.650000e-01 9.546107e-01
2.700000e-01 9.530814e-01
2.750000e-01 9.515291e-01
2.800000e-01 9.499539e-01
2.850000e-01 9.483560e-01
2.900000e-01 9.467358e-01
2.950000e-01 9.450933e-01
3.000000e-01 9.434287e-01
3.050000e-01 9.417423e-01
3.100000e-01 9.400343e-01
3.150000e-01 9.383049e-01
3.200000e-01 9.365542e-01
3.250000e-01 9.347826e-01
3.300000e-01 9.329901e-01
3.350000e-01 9.311770e-01
3.400000e-01 9.293435e-01
3.450000e-01 9.274897e-01
3.500000e-01 9.256160e-01
3.550000e-01 9.237225e-01
3.600000e-01 9.218094e-01
3.650000e-01 9.198768e-01
3.700000e-01 9.179251e-01
3.750000e-01 9.159544e-01
3.800000e-01 9.139649e-01
3.850000e-01 9.119568e-01
3.900000e-01 9.099303e-01
3.950000e-01 9.078857e-01
4.000000e-01 9.058230e-01
4.050000e-01 9.037426e-01
4.100000e-01 9.016446e-01
4.150000e-01 8.995292e-01
4.200000e-01 8.973966e-01
4.250000e-01 8.952471e-01
4.300000e-01 8.930808e-01
4.350000e-01 8.908979e-01
4.400000e-01 8.886987e-01
4.450000e-01 8.864832e-01
4.500000e-01 8.842518e-01
4.550000e-01 8.820046e-01
4.600000e-01 8.797418e-01
4.650000e-01 8.774637e-01
4.700000e-01 8.751703e-01
4.750000e-01 8.728620e-01
4.800000e-01 8.705389e-01
4.850000e-01 8.682012e-01
4.900000e-01 8.658491e-01
4.950000e-01 8.634828e-01
5.000000e-01 8.611025e-01
5.050000e-01 8.587084e-01
5.100000e-01 8.563006e-01
5.150000e-01 8.538795e-01
5.200000e-01 8.514451e-01
5.250000e-01 8.489977e-01
5.300000e-01 8.465374e-01
5.350000e-01 8.440645e-01
5.400000e-01 8.415792e-01
5.450000e-01 8.390816e-01
5.500000e-01 8.365719e-01
5.550000e-01 8.340503e-01
5.600000e-01 8.315170e-01
5.650000e-01 8.289722e-01
5.700000e-01 8.264162e-01
5.750000e-01 8.238489e-01
5.800000e-01 8.212708e-01
5.850000e-01 8.186819e-01
5.900000e-01 8.160824e-01
5.950000e-01 8.134725e-01
6.000000e-01 8.108525e-01
6.050000e-01 8.082224e-01
6.100000e-01 8.055825e-01
6.150000e-01 8.029329e-01
6.200000e-01 8.002739e-01
6.250000e-01 7.976056e-01
6.300000e-01 7.949283e-01
6.350000e-01 7.922419e-01
6.400000e-01 7.895469e-01
6.450000e-01 7.868433e-01
6.500000e-01 7.841313e-01
6.550000e-01 7.814111e-01
6.600000e-01 7.786829e-01
6.650000e-01 7.759468e-01
6.700000e-01 7.732031e-01
6.750000e-01 7.704519e-01
6.800000e-01 7.676933e-01
6.850000e-01 7.649276e-01
6.900000e-01 7.621549e-01
6.950000e-01 7.593754e-01
7.000000e-01 7.565892e-01
7.050000e-01 7.537966e-01
7.100000e-01 7.509977e-01
7.150000e-01 7.481927e-01
7.200000e-01 7.453817e-01
7.250000e-01 7.425649e-01
7.300000e-01 7.397425e-01
7.350000e-01 7.369146e-01
7.400000e-01 7.340815e-01
7.450000e-01 7.312432e-01
7.500000e-01 7.283999e-01
7.550000e-01 7.255519e-01
7.600000e-01 7.226992e-01
7.650000e-01 7.198420e-01
7.700000e-01 7.169804e-01
7.750000e-01 7.141148e-01
7.800000e-01 7.112451e-01
7.850000e-01 7.083715e-01
7.900000e-01 7.054943e-01
7.950000e-01 7.026136e-01
8.000000e-01 6.997294e-01
8.050000e-01 6.968420e-01
8.100000e-01 6.939516e-01
8.150000e-01 6.910582e-01
8.200000e-01 6.881621e-01
8.250000e-01 6.852633e-01
8.300000e-01 6.823620e-01
8.350000e-01 6.794585e-01
8.400000e-01 6.765527e-01
8.450000e-01 6.736450e-01
8.500000e-01 6.707353e-01
8.550000e-01 6.678239e-01
8.600000e-01 6.649109e-01
8.650000e-01 6.619965e-01
8.700000e-01 6.590807e-01
8.750000e-01 6.561638e-01
8.800000e-01 6.532459e-01
8.850000e-01 6.503270e-01
8.900000e-01 6.474074e-01
8.950000e-01 6.444872e-01
9.000000e-01 6.415665e-01
9.050000e-01 6.386455e-01
9.100000e-01 6.357243e-01
9.150000e-01 6.328030e-01
9.200000e-01 6.298818e-01
9.250000e-01 6.269607e-01
9.300000e-01 6.240400e-01
9.350000e-01 6.211197e-01
9.400000e-01 6.182000e-01
9.450000e-01 6.152810e-01
9.500000e-01 6.123629e-01
9.550000e-01 6.094457e-01
9.600000e-01 6.065296e-01
9.650000e-01 6.036147e-01
9.700000e-01 6.007012e-01
9.750000e-01 5.977891e-01
9.800000e-01 5.948785e-01
9.850000e-01 5.919697e-01
9.900000e-01 5.890627e-01
9.950000e-01 5.861577e-01
1 5.832547e-01
1.005000e+00 5.803538e-01
1.010000e+00 5.774553e-01
1.015000e+00 5.745591e-01
1.020000e+00 5.716655e-01
1.025000e+00 5.687745e-01
1.030000e+00 5.658862e-01
1.035000e+00 5.630007e-01
1.040000e+00 5.601183e-01
1.045000e+00 5.572389e-01
1.050000e+00 5.543626e-01
1.055000e+00 5.514897e-01
1.060000e+00 5.486201e-01
1.065000e+00 5.457541e-01
1.070000e+00 5.428916e-01
1.075000e+00 5.400328e-01
1.080000e+00 5.371778e-01
1.085000e+00 5.343268e-01
1.090000e+00 5.314797e-01
1.095000e+00 5.286367e-01
1.100000e+00 5.257979e-01
1.105000e+00 5.229635e-01
1.110000e+00 5.201334e-01
1.115000e+00 5.173078e-01
1.120000e+00 5.144868e-01
1.125000e+00 5.116704e-01
1.130000e+00 5.088588e-01
1.135000e+00 5.060521e-01
1.140000e+00 5.032503e-01
1.145000e+00 5.004536e-01
1.150000e+00 4.976620e-01
1.155000e+00 4.948755e-01
1.160000e+00 4.920944e-01
1.165000e+00 4.893187e-01
1.170000e+00 4.865485e-01
1.175000e+00 4.837838e-01
1.180000e+00 4.810247e-01
1.185000e+00 4.782714e-01
1.190000e+00 4.755238e-01
1.195000e+00 4.727821e-01
1.200000e+00 4.700464e-01
1.205000e+00 4.673167e-01
1.210000e+00 4.645932e-01
1.215000e+00 4.618758e-01
1.220000e+00 4.591647e-01
1.225000e+00 4.564599e-01
1.230000e+00 4.537615e-01
1.235000e+00 4.510696e-01
1.240000e+00 4.483843e-01
1.245000e+00 4.457056e-01
1.250000e+00 4.430336e-01
1.255000e+00 4.403683e-01
1.260000e+00 4.377099e-01
1.265000e+00 4.350584e-01
1.270000e+00 4.324138e-01
1.275000e+00 4.297763e-01
1.280000e+00 4.271459e-01
1.285000e+00 4.245226e-01
1.290000e+00 4.219065e-01
1.295000e+00 4.192978e-01
1.300000e+00 4.166963e-01
1.305000e+00 4.141023e-01
1.310000e+00 4.115157e-01
1.315000e+00 4.089367e-01
1.320000e+00 4.063652e-01
1.325000e+00 4.038013e-01
1.330000e+00 4.012452e-01
1.335000e+00 3.986967e-01
1.340000e+00 3.961561e-01
1.345000e+00 3.936233e-01
1.350000e+00 3.910984e-01
1.355000e+00 3.885815e-01
1.360000e+00 3.860726e-01
1.365000e+00 3.835717e-01
1.370000e+00 3.810789e-01
1.375000e+00 3.785943e-01
1.380000e+00 3.761178e-01
1.385000e+00 3.736496e-01
1.390000e+00 3.711897e-01
1.395000e+00 3.687381e-01
1.400000e+00 3.662949e-01
1.405000e+00 3.638601e-01
1.410000e+00 3.614338e-01
1.415000e+00 3.590159e-01
1.420000e+00 3.566066e-01
1.425000e+00 3.542059e-01
1.430000e+00 3.518137e-01
1.435000e+00 3.494303e-01
1.440000e+00 3.470555e-01
1.445000e+00 3.446895e-01
1.450000e+00 3.423322e-01
1.455000e+00 3.399837e-01
1.460000e+00 3.376440e-01
1.465000e+00 3.353133e-01
1.470000e+00 3.329914e-01
1.475000e+00 3.306784e-01
1.480000e+00 3.283744e-01
1.485000e+00 3.260794e-01
1.490000e+00 3.237934e-01
1.495000e+00 3.215165e-01
1.500000e+00 3.192486e-01
1.505000e+00 3.169898e-01
1.510000e+00 3.147402e-01
1.515000e+00 3.124997e-01
1.520000e+00 3.102684e-01
1.525000e+00 3.080463e-01
1.530000e+00 3.058335e-01
1.535000e+00 3.036298e-01
1.540000e+00 3.014355e-01
1.545000e+00 2.992505e-01
1.550000e+00 2.970747e-01
1.555000e+00 2.949083e-01
1.560000e+00 2.927513e-01
1.565000e+00 2.906036e-01
1.570000e+00 2.884653e-01
1.575000e+00 2.863365e-01
1.580000e+00 2.842170e-01
1.585000e+00 2.821070e-01
1.590000e+00 2.800065e-01
1.595000e+00 2.779154e-01
1.600000e+00 2.758338e-01
1.605000e+00 2.737617e-01
1.610000e+00 2.716991e-01
1.615000e+00 2.696461e-01
1.620000e+00 2.676025e-01
1.625000e+00 2.655686e-01
1.630000e+00 2.635441e-01
1.635000e+00 2.615293e-01
1.640000e+00 2.595240e-01
1.645000e+00 2.575283e-01
1.650000e+00 2.555422e-01
1.655000e+00 2.535657e-01
1.660000e+00 2.515987e-01
1.665000e+00 2.496414e-01
1.670000e+00 2.476937e-01
1.675000e+00 2.457557e-01
1.680000e+00 2.438272e-01
1.685000e+00 2.419084e-01
1.690000e+00 2.399992e-01
1.695000e+00 2.380996e-01
1.700000e+00 2.362097e-01
1.705000e+00 2.343294e-01
1.710000e+00 2.324588e-01
1.715000e+00 2.305977e-01
1.720000e+00 2.287463e-01
1.725000e+00 2.269046e-01
1.730000e+00 2.250725e-01
1.735000e+00 2.232500e-01
1.740000e+00 2.214371e-01
1.745000e+00 2.196339e-01
1.750000e+00 2.178403e-01
1.755000e+00 2.160563e-01
1.760000e+00 2.142819e-01
1.765000e+00 2.125171e-01
1.770000e+00 2.107620e-01
1.775000e+00 2.090164e-01
1.780000e+00 2.072804e-01
1.785000e+00 2.055540e-01
1.790000e+00 2.038372e-01
1.795000e+00 2.021299e-01
1.800000e+00 2.004322e-01
1.805000e+00 1.987441e-01
1.810000e+00 1.970655e-01
1.815000e+00 1.953964e-01
1.820000e+00 1.937368e-01
1.825000e+00 1.920868e-01
1.830000e+00 1.904463e-01
1.835000e+00 1.888152e-01
1.840000e+00 1.871936e-01
1.845000e+00 1.855815e-01
1.850000e+00 1.839788e-01
1.855000e+00 1.823856e-01
1.860000e+00 1.808018e-01
1.865000e+00 1.792274e-01
1.870000e+00 1.776624e-01
1.875000e+00 1.761067e-01
1.880000e+00 1.745605e-01
1.885000e+00 1.730236e-01
1.890000e+00 1.714960e-01
1.895000e+00 1.699777e-01
1.900000e+00 1.684687e-01
1.905000e+00 1.669690e-01
1.910000e+00 1.654786e-01
1.915000e+00 1.639974e-01
1.920000e+00 1.625255e-01
1.925000e+00 1.610627e-01
1.930000e+00 1.596092e-01
1.935000e+00 1.581648e-01
1.940000e+00 1.567296e-01
1.945000e+00 1.553034e-01
1.950000e+00 1.538864e-01
1.955000e+00 1.524785e-01
1.960000e+00 1.510797e-01
1.965000e+00 1.496899e-01
1.970000e+00 1.483091e-01
1.975000e+00 1.469374e-01
1.980000e+00 1.455746e-01
1.985000e+00 1.442207e-01
1.990000e+00 1.428758e-01
1.995000e+00 1.415399e-01
2 1.402128e-01
2.005000e+00 1.388945e-01
2.010000e+00 1.375851e-01
2.015000e+00 1.362845e-01
2.020000e+00 1.349927e-01
2.025000e+00 1.337097e-01
2.030000e+00 1.324354e-01
2.035000e+00 1.311699e-01
2.040000e+00 1.299130e-01
2.045000e+00 1.286648e-01
2.050000e+00 1.274252e-01
2.055000e+00 1.261942e-01
2.060000e+00 1.249718e-01
2.065000e+00 1.237580e-01
2.070000e+00 1.225527e-01
2.075000e+00 1.213559e-01
2.080000e+00 1.201675e-01
2.085000e+00 1.189877e-01
2.090000e+00 1.178162e-01
2.095000e+00 1.166531e-01
2.100000e+00 1.154984e-01
2.105000e+00 1.143520e-01
2.110000e+00 1.132139e-01
2.115000e+00 1.120841e-01
2.120000e+00 1.109625e-01
2.125000e+00 1.098492e-01
2.130000e+00 1.087440e-01
2.135000e+00 1.076470e-01
2.140000e+00 1.065581e-01
2.145000e+00 1.054773e-01
2.150000e+00 1.044046e-01
2.155000e+00 1.033399e-01
2.160000e+00 1.022832e-01
2.165000e+00 1.012345e-01
2.170000e+00 1.001937e-01
2.175000e+00 9.916086e-02
2.180000e+00 9.813587e-02
2.185000e+00 9.711872e-02
2.190000e+00 9.610939e-02
2.195000e+00 9.510783e-02
2.200000e+00 9.411403e-02
2.205000e+00 9.312795e-02
2.210000e+00 9.214955e-02
2.215000e+00 9.117880e-02
2.220000e+00 9.021568e-02
2.225000e+00 8.926014e-02
2.230000e+00 8.831216e-02
2.235000e+00 8.737170e-02
2.240000e+00 8.643873e-02
2.245000e+00 8.551321e-02
2.250000e+00 8.459512e-02
2.255000e+00 8.368441e-02
2.260000e+00 8.278107e-02
2.265000e+00 8.188504e-02
2.270000e+00 8.099630e-02
2.275000e+00 8.011482e-02
2.280000e+00 7.924055e-02
2.285000e+00 7.837348e-02
2.290000e+00 7.751355e-02
2.295000e+00 7.666075e-02
2.300000e+00 7.581503e-02
2.305000e+00 7.497636e-02
2.310000e+00 7.414470e-02
2.315000e+00 7.332003e-02
2.320000e+00 7.250230e-02
2.325000e+00 7.169149e-02
2.330000e+00 7.088755e-02
2.335000e+00 7.009046e-02
2.340000e+00 6.930018e-02
2.345000e+00 6.851667e-02
2.350000e+00 6.773990e-02
2.355000e+00 6.696983e-02
2.360000e+00 6.620644e-02
2.365000e+00 6.544968e-02
2.370000e+00 6.469952e-02
2.375000e+00 6.395592e-02
2.380000e+00 6.321885e-02
2.385000e+00 6.248828e-02
2.390000e+00 6.176417e-02
2.395000e+00 6.104648e-02
2.400000e+00 6.033518e-02
2.405000e+00 5.963024e-02
2.410000e+00 5.893161e-02
2.415000e+00 5.823927e-02
2.420000e+00 5.755318e-02
2.425000e+00 5.687330e-02
2.430000e+00 5.619960e-02
2.435000e+00 5.553205e-02
2.440000e+00 5.487060e-02
2.445000e+00 5.421523e-02
2.450000e+00 5.356589e-02
2.455000e+00 5.292256e-02
2.460000e+00 5.228519e-02
2.465000e+00 5.165376e-02
2.470000e+00 5.102822e-02
2.475000e+00 5.040855e-02
2.480000e+00 4.979471e-02
2.485000e+00 4.918665e-02
2.490000e+00 4.858436e-02
2.495000e+00 4.798778e-02
2.500000e+00 4.739690e-02
2.505000e+00 4.681166e-02
2.510000e+00 4.623205e-02
2.515000e+00 4.565801e-02
2.520000e+00 4.508953e-02
2.525000e+00 4.452655e-02
2.530000e+00 4.396905e-02
2.535000e+00 4.341700e-02
2.540000e+00 4.287036e-02
2.545000e+00 4.232909e-02
2.550000e+00 4.179315e-02
2.555000e+00 4.126253e-02
2.560000e+00 4.073717e-02
2.565000e+00 4.021705e-02
2.570000e+00 3.970213e-02
2.575000e+00 3.919238e-02
2.580000e+00 3.868775e-02
2.585000e+00 3.818823e-02
2.590000e+00 3.769377e-02
2.595000e+00 3.720435e-02
2.600000e+00 3.671991e-02
2.605000e+00 3.624044e-02
2.610000e+00 3.576590e-02
2.615000e+00 3.529625e-02
2.620000e+00 3.483146e-02
2.625000e+00 3.437150e-02
2.630000e+00 3.391633e-02
2.635000e+00 3.346592e-02
2.640000e+00 3.302024e-02
2.645000e+00 3.257925e-02
2.650000e+00 3.214292e-02
2.655000e+00 3.171121e-02
2.660000e+00 3.128410e-02
2.665000e+00 3.086155e-02
2.670000e+00 3.044352e-02
2.675000e+00 3.002999e-02
2.680000e+00 2.962092e-02
2.685000e+00 2.921627e-02
2.690000e+00 2.881603e-02
2.695000e+00 2.842014e-02
2.700000e+00 2.802859e-02
2.705000e+00 2.764133e-02
2.710000e+00 2.725834e-02
2.715000e+00 2.687959e-02
2.720000e+00 2.650503e-02
2.725000e+00 2.613465e-02
2.730000e+00 2.576840e-02
2.735000e+00 2.540626e-02
2.740000e+00 2.504819e-02
2.745000e+00 2.469417e-02
2.750000e+00 2.434416e-02
2.755000e+00 2.399812e-02
2.760000e+00 2.365604e-02
2.765000e+00 2.331787e-02
2.770000e+00 2.298359e-02
2.775000e+00 2.265317e-02
2.780000e+00 2.232657e-02
2.785000e+00 2.200377e-02
2.790000e+00 2.168473e-02
2.795000e+00 2.136942e-02
2.800000e+00 2.105781e-02
2.805000e+00 2.074988e-02
2.810000e+00 2.044559e-02
2.815000e+00 2.014491e-02
2.820000e+00 1.984782e-02
2.825000e+00 1.955427e-02
2.830000e+00 1.926425e-02
2.835000e+00 1.897773e-02
2.840000e+00 1.869466e-02
2.845000e+00 1.841504e-02
2.850000e+00 1.813882e-02
2.855000e+00 1.786597e-02
2.860000e+00 1.759647e-02
2.865000e+00 1.733029e-02
2.870000e+00 1.706741e-02
2.875000e+00 1.680778e-02
2.880000e+00 1.655139e-02
2.885000e+00 1.629820e-02
2.890000e+00 1.604819e-02
2.895000e+00 1.580132e-02
2.900000e+00 1.555758e-02
2.905000e+00 1.531693e-02
2.910000e+00 1.507935e-02
2.915000e+00 1.484480e-02
2.920000e+00 1.461327e-02
2.925000e+00 1.438472e-02
2.930000e+00 1.415912e-02
2.935000e+00 1.393646e-02
2.940000e+00 1.371669e-02
2.945000e+00 1.349980e-02
2.950000e+00 1.328576e-02
2.955000e+00 1.307455e-02
2.960000e+00 1.286613e-02
2.965000e+00 1.266048e-02
2.970000e+00 1.245757e-02
2.975000e+00 1.225739e-02
2.980000e+00 1.205989e-02
2.985000e+00 1.186506e-02
2.990000e+00 1.167288e-02
2.995000e+00 1.148330e-02
3 1.129632e-02
3.005000e+00 1.111191e-02
3.010000e+00 1.093003e-02
3.015000e+00 1.075068e-02
3.020000e+00 1.057381e-02
3.025000e+00 1.039941e-02
3.030000e+00 1.022745e-02
3.035000e+00 1.005791e-02
3.040000e+00 9.890765e-03
3.045000e+00 9.725989e-03
3.050000e+00 9.563558e-03
3.055000e+00 9.403450e-03
3.060000e+00 9.245641e-03
3.065000e+00 9.090108e-03
3.070000e+00 8.936826e-03
3.075000e+00 8.785774e-03
3.080000e+00 8.636927e-03
3.085000e+00 8.490264e-03
3.090000e+00 8.345761e-03
3.095000e+00 8.203396e-03
3.100000e+00 8.063146e-03
3.105000e+00 7.924990e-03
3.110000e+00 7.788904e-03
3.115000e+00 7.654867e-03
3.120000e+00 7.522857e-03
3.125000e+00 7.392853e-03
3.130000e+00 7.264832e-03
3.135000e+00 7.138774e-03
3.140000e+00 7.014657e-03
3.145000e+00 6.892459e-03
3.150000e+00 6.772160e-03
3.155000e+00 6.653739e-03
3.160000e+00 6.537175e-03
3.165000e+00 6.422448e-03
3.170000e+00 6.309536e-03
3.175000e+00 6.198420e-03
3.180000e+00 6.089080e-03
3.185000e+00 5.981495e-03
3.190000e+00 5.875646e-03
3.195000e+00 5.771512e-03
3.200000e+00 5.669074e-03
3.205000e+00 5.568313e-03
3.210000e+00 5.469209e-03
3.215000e+00 5.371743e-03
3.220000e+00 5.275896e-03
3.225000e+00 5.181649e-03
3.230000e+00 5.088983e-03
3.235000e+00 4.997880e-03
3.240000e+00 4.908320e-03
3.245000e+00 4.820286e-03
3.250000e+00 4.733759e-03
3.255000e+00 4.648722e-03
3.260000e+00 4.565155e-03
3.265000e+00 4.483042e-03
3.270000e+00 4.402364e-03
3.275000e+00 4.323104e-03
3.280000e+00 4.245245e-03
3.285000e+00 4.168769e-03
3.290000e+00 4.093659e-03
3.295000e+00 4.019898e-03
3.300000e+00 3.947469e-03
3.305000e+00 3.876356e-03
3.310000e+00 3.806541e-03
3.315000e+00 3.738008e-03
3.320000e+00 3.670741e-03
3.325000e+00 3.604723e-03
3.330000e+00 3.539939e-03
3.335000e+00 3.476372e-03
3.340000e+00 3.414006e-03
3.345000e+00 3.352827e-03
3.350000e+00 3.292817e-03
3.355000e+00 3.233963e-03
3.360000e+00 3.176248e-03
3.365000e+00 3.119656e-03
3.370000e+00 3.064175e-03
3.375000e+00 3.009787e-03
3.380000e+00 2.956478e-03
3.385000e+00 2.904234e-03
3.390000e+00 2.853041e-03
3.395000e+00 2.802883e-03
3.400000e+00 2.753746e-03
3.405000e+00 2.705616e-03
3.410000e+00 2.658479e-03
3.415000e+00 2.612322e-03
3.420000e+00 2.567129e-03
3.425000e+00 2.522889e-03
3.430000e+00 2.479586e-03
3.435000e+00 2.437208e-03
3.440000e+00 2.395741e-03
3.445000e+00 2.355172e-03
3.450000e+00 2.315488e-03
3.455000e+00 2.276676e-03
3.460000e+00 2.238723e-03
3.465000e+00 2.201616e-03
3.470000e+00 2.165343e-03
3.475000e+00 2.129892e-03
3.480000e+00 2.095249e-03
3.485000e+00 2.061404e-03
3.490000e+00 2.028342e-03
3.495000e+00 1.996054e-03
3.500000e+00 1.964525e-03
3.505000e+00 1.933746e-03
3.510000e+00 1.903704e-03
3.515000e+00 1.874387e-03
3.520000e+00 1.845785e-03
3.525000e+00 1.817885e-03
3.530000e+00 1.790678e-03
3.535000e+00 1.764150e-03
3.540000e+00 1.738292e-03
3.545000e+00 1.713093e-03
3.550000e+00 1.688541e-03
3.555000e+00 1.664627e-03
3.560000e+00 1.641340e-03
3.565000e+00 1.618668e-03
3.570000e+00 1.596603e-03
3.575000e+00 1.575133e-03
3.580000e+00 1.554248e-03
3.585000e+00 1.533939e-03
3.590000e+00 1.514196e-03
3.595000e+00 1.495008e-03
3.600000e+00 1.476367e-03
3.605000e+00 1.458262e-03
3.610000e+00 1.440684e-03
3.615000e+00 1.423623e-03
3.620000e+00 1.407071e-03
3.625000e+00 1.391018e-03
3.630000e+00 1.375456e-03
3.635000e+00 1.360374e-03
3.640000e+00 1.345764e-03
3.645000e+00 1.331618e-03
3.650000e+00 1.317926e-03
3.655000e+00 1.304681e-03
3.660000e+00 1.291873e-03
3.665000e+00 1.279495e-03
3.670000e+00 1.267538e-03
3.675000e+00 1.255993e-03
3.680000e+00 1.244853e-03
3.685000e+00 1.234110e-03
3.690000e+00 1.223755e-03
3.695000e+00 1.213781e-03
3.700000e+00 1.204181e-03
3.705000e+00 1.194946e-03
3.710000e+00 1.186069e-03
3.715000e+00 1.177543e-03
3.720000e+00 1.169360e-03
3.725000e+00 1.161513e-03
3.730000e+00 1.153995e-03
3.735000e+00 1.146798e-03
3.740000e+00 1.139917e-03
3.745000e+00 1.133342e-03
3.750000e+00 1.127069e-03
3.755000e+00 1.121090e-03
3.760000e+00 1.115399e-03
3.765000e+00 1.109988e-03
3.770000e+00 1.104852e-03
3.775000e+00 1.099984e-03
3.780000e+00 1.095378e-03
3.785000e+00 1.091027e-03
3.790000e+00 1.086925e-03
3.795000e+00 1.083067e-03
3.800000e+00 1.079446e-03
3.805000e+00 1.076057e-03
3.810000e+00 1.072893e-03
3.815000e+00 1.069948e-03
3.820000e+00 1.067218e-03
3.825000e+00 1.064696e-03
3.830000e+00 1.062378e-03
3.835000e+00 1.060256e-03
3.840000e+00 1.058327e-03
3.845000e+00 1.056585e-03
3.850000e+00 1.055025e-03
3.855000e+00 1.053640e-03
3.860000e+00 1.052428e-03
3.865000e+00 1.051382e-03
3.870000e+00 1.050497e-03
3.875000e+00 1.049769e-03
3.880000e+00 1.049192e-03
3.885000e+00 1.048763e-03
3.890000e+00 1.048477e-03
3.895000e+00 1.048328e-03
3.900000e+00 1.048313e-03
3.905000e+00 1.048426e-03
3.910000e+00 1.048665e-03
3.915000e+00 1.049023e-03
3.920000e+00 1.049498e-03
3.925000e+00 1.050085e-03
3.930000e+00 1.050779e-03
3.935000e+00 1.051578e-03
3.940000e+00 1.052476e-03
3.945000e+00 1.053470e-03
3.950000e+00 1.054556e-03
3.955000e+00 1.055730e-03
3.960000e+00 1.056989e-03
3.965000e+00 1.058329e-03
3.970000e+00 1.059746e-03
3.975000e+00 1.061236e-03
3.980000e+00 1.062797e-03
3.985000e+00 1.064425e-03
3.990000e+00 1.066117e-03
3.995000e+00 1.067868e-03
4 1.069677e-03
4.005000e+00 1.071539e-03
4.010000e+00 1.073452e-03
4.015000e+00 1.075412e-03
4.020000e+00 1.077417e-03
4.025000e+00 1.079464e-03
4.030000e+00 1.081549e-03
4.035000e+00 1.083670e-03
4.040000e+00 1.085824e-03
4.045000e+00 1.088008e-03
4.050000e+00 1.090220e-03
4.055000e+00 1.092456e-03
4.060000e+00 1.094715e-03
4.065000e+00 1.096994e-03
4.070000e+00 1.099289e-03
4.075000e+00 1.101600e-03
4.080000e+00 1.103923e-03
4.085000e+00 1.106256e-03
4.090000e+00 1.108597e-03
4.095000e+00 1.110943e-03
4.100000e+00 1.113293e-03
4.105000e+00 1.115643e-03
4.110000e+00 1.117993e-03
4.115000e+00 1.120339e-03
4.120000e+00 1.122681e-03
4.125000e+00 1.125015e-03
4.130000e+00 1.127341e-03
4.135000e+00 1.129655e-03
4.140000e+00 1.131957e-03
4.145000e+00 1.134244e-03
4.150000e+00 1.136515e-03
4.155000e+00 1.138768e-03
4.160000e+00 1.141001e-03
4.165000e+00 1.143213e-03
4.170000e+00 1.145401e-03
4.175000e+00 1.147566e-03
4.180000e+00 1.149704e-03
4.185000e+00 1.151814e-03
4.190000e+00 1.153896e-03
4.195000e+00 1.155947e-03
4.200000e+00 1.157967e-03
4.205000e+00 1.159953e-03
4.210000e+00 1.161905e-03
4.215000e+00 1.163821e-03
4.220000e+00 1.165700e-03
4.225000e+00 1.167541e-03
4.230000e+00 1.169343e-03
4.235000e+00 1.171105e-03
4.240000e+00 1.172825e-03
4.245000e+00 1.174503e-03
4.250000e+00 1.176137e-03
4.255000e+00 1.177727e-03
4.260000e+00 1.179271e-03
4.265000e+00 1.180768e-03
4.270000e+00 1.182219e-03
4.275000e+00 1.183621e-03
4.280000e+00 1.184974e-03
4.285000e+00 1.186277e-03
4.290000e+00 1.187530e-03
4.295000e+00 1.188731e-03
4.300000e+00 1.189881e-03
4.305000e+00 1.190977e-03
4.310000e+00 1.192020e-03
4.315000e+00 1.193009e-03
4.320000e+00 1.193944e-03
4.325000e+00 1.194823e-03
4.330000e+00 1.195647e-03
4.335000e+00 1.196414e-03
4.340000e+00 1.197124e-03
4.345000e+00 1.197777e-03
4.350000e+00 1.198372e-03
4.355000e+00 1.198909e-03
4.360000e+00 1.199388e-03
4.365000e+00 1.199807e-03
4.370000e+00 1.200167e-03
4.375000e+00 1.200468e-03
4.380000e+00 1.200709e-03
4.385000e+00 1.200889e-03
4.390000e+00 1.201009e-03
4.395000e+00 1.201068e-03
4.400000e+00 1.201066e-03
4.405000e+00 1.201003e-03
4.410000e+00 1.200878e-03
4.415000e+00 1.200692e-03
4.420000e+00 1.200444e-03
4.425000e+00 1.200135e-03
4.430000e+00 1.199763e-03
4.435000e+00 1.199330e-03
4.440000e+00 1.198834e-03
4.445000e+00 1.198276e-03
4.450000e+00 1.197656e-03
4.455000e+00 1.196974e-03
4.460000e+00 1.196230e-03
4.465000e+00 1.195424e-03
4.470000e+00 1.194555e-03
4.475000e+00 1.193625e-03
4.480000e+00 1.192633e-03
4.485000e+00 1.191578e-03
4.490000e+00 1.190462e-03
4.495000e+00 1.189284e-03
4.500000e+00 1.188045e-03
4.505000e+00 1.186744e-03
4.510000e+00 1.185382e-03
4.515000e+00 1.183959e-03
4.520000e+00 1.182475e-03
4.525000e+00 1.180930e-03
4.530000e+00 1.179325e-03
4.535000e+00 1.177660e-03
4.540000e+00 1.175934e-03
4.545000e+00 1.174149e-03
4.550000e+00 1.172305e-03
4.555000e+00 1.170401e-03
4.560000e+00 1.168438e-03
4.565000e+00 1.166417e-03
4.570000e+00 1.164337e-03
4.575000e+00 1.162199e-03
4.580000e+00 1.160004e-03
4.585000e+00 1.157751e-03
4.590000e+00 1.155441e-03
4.595000e+00 1.153075e-03
4.600000e+00 1.150652e-03
4.605000e+00 1.148174e-03
4.610000e+00 1.145640e-03
4.615000e+00 1.143051e-03
4.620000e+00 1.140407e-03
4.625000e+00 1.137709e-03
4.630000e+00 1.134957e-03
4.635000e+00 1.132152e-03
4.640000e+00 1.129293e-03
4.645000e+00 1.126382e-03
4.650000e+00 1.123419e-03
4.655000e+00 1.120405e-03
4.660000e+00 1.117339e-03
4.665000e+00 1.114223e-03
4.670000e+00 1.111056e-03
4.675000e+00 1.107840e-03
4.680000e+00 1.104574e-03
4.685000e+00 1.101260e-03
4.690000e+00 1.097897e-03
4.695000e+00 1.094487e-03
4.700000e+00 1.091030e-03
4.705000e+00 1.087526e-03
4.710000e+00 1.083975e-03
4.715000e+00 1.080379e-03
4.720000e+00 1.076738e-03
4.725000e+00 1.073052e-03
4.730000e+00 1.069323e-03
4.735000e+00 1.065550e-03
4.740000e+00 1.061733e-03
4.745000e+00 1.057875e-03
4.750000e+00 1.053975e-03
4.755000e+00 1.050033e-03
4.760000e+00 1.046051e-03
4.765000e+00 1.042028e-03
4.770000e+00 1.037966e-03
4.775000e+00 1.033865e-03
4.780000e+00 1.029726e-03
4.785000e+00 1.025548e-03
4.790000e+00 1.021334e-03
4.795000e+00 1.017083e-03
4.800000e+00 1.012795e-03
4.805000e+00 1.008472e-03
4.810000e+00 1.004114e-03
4.815000e+00 9.997222e-04
4.820000e+00 9.952962e-04
4.825000e+00 9.908370e-04
4.830000e+00 9.863452e-04
4.835000e+00 9.818215e-04
4.840000e+00 9.772663e-04
4.845000e+00 9.726803e-04
4.850000e+00 9.680641e-04
4.855000e+00 9.634182e-04
4.860000e+00 9.587434e-04
4.865000e+00 9.540400e-04
4.870000e+00 9.493089e-04
4.875000e+00 9.445505e-04
4.880000e+00 9.397654e-04
4.885000e+00 9.349543e-04
4.890000e+00 9.301177e-04
4.895000e+00 9.252562e-04
4.900000e+00 9.203704e-04
4.905000e+00 9.154609e-04
4.910000e+00 9.105284e-04
4.915000e+00 9.055733e-04
4.920000e+00 9.005963e-04
4.925000e+00 8.955980e-04
4.930000e+00 8.905789e-04
4.935000e+00 8.855396e-04
4.940000e+00 8.804808e-04
4.945000e+00 8.754029e-04
4.950000e+00 8.703067e-04
4.955000e+00 8.651925e-04
4.960000e+00 8.600612e-04
4.965000e+00 8.549131e-04
4.970000e+00 8.497490e-04
4.975000e+00 8.445692e-04
4.980000e+00 8.393745e-04
4.985000e+00 8.341655e-04
4.990000e+00 8.289425e-04
4.995000e+00 8.237063e-04
5 8.184574e-04
5.005000e+00 8.131963e-04
5.010000e+00 8.079235e-04
5.015000e+00 8.026398e-04
5.020000e+00 7.973455e-04
5.025000e+00 7.920413e-04
5.030000e+00 7.867276e-04
5.035000e+00 7.814051e-04
5.040000e+00 7.760743e-04
5.045000e+00 7.707356e-04
5.050000e+00 7.653897e-04
5.055000e+00 7.600371e-04
5.060000e+00 7.546782e-04
5.065000e+00 7.493137e-04
5.070000e+00 7.439440e-04
5.075000e+00 7.385696e-04
5.080000e+00 7.331911e-04
5.085000e+00 7.278090e-04
5.090000e+00 7.224237e-04
5.095000e+00 7.170359e-04
5.100000e+00 7.116459e-04
5.105000e+00 7.062542e-04
5.110000e+00 7.008615e-04
5.115000e+00 6.954681e-04
5.120000e+00 6.900745e-04
5.125000e+00 6.846813e-04
5.130000e+00 6.792889e-04
5.135000e+00 6.738977e-04
5.140000e+00 6.685082e-04
5.145000e+00 6.631210e-04
5.150000e+00 6.577364e-04
5.155000e+00 6.523550e-04
5.160000e+00 6.469771e-04
5.165000e+00 6.416033e-04
5.170000e+00 6.362339e-04
5.175000e+00 6.308694e-04
5.180000e+00 6.255103e-04
5.185000e+00 6.201570e-04
5.190000e+00 6.148098e-04
5.195000e+00 6.094693e-04
5.200000e+00 6.041359e-04
5.205000e+00 5.988099e-04
5.210000e+00 5.934918e-04
5.215000e+00 5.881820e-04
5.220000e+00 5.828809e-04
5.225000e+00 5.775889e-04
5.230000e+00 5.723063e-04
5.235000e+00 5.670337e-04
5.240000e+00 5.617713e-04
5.245000e+00 5.565195e-04
5.250000e+00 5.512787e-04
5.255000e+00 5.460494e-04
5.260000e+00 5.408318e-04
5.265000e+00 5.356263e-04
5.270000e+00 5.304333e-04
5.275000e+00 5.252532e-04
5.280000e+00 5.200862e-04
5.285000e+00 5.149328e-04
5.290000e+00 5.097932e-04
5.295000e+00 5.046679e-04
5.300000e+00 4.995571e-04
5.305000e+00 4.944612e-04
5.310000e+00 4.893805e-04
5.315000e+00 4.843152e-04
5.320000e+00 4.792659e-04
5.325000e+00 4.742326e-04
5.330000e+00 4.692159e-04
5.335000e+00 4.642158e-04
5.340000e+00 4.592328e-04
5.345000e+00 4.542672e-04
5.350000e+00 4.493192e-04
5.355000e+00 4.443890e-04
5.360000e+00 4.394771e-04
5.365000e+00 4.345837e-04
5.370000e+00 4.297089e-04
5.375000e+00 4.248532e-04
5.380000e+00 4.200167e-04
5.385000e+00 4.151998e-04
5.390000e+00 4.104026e-04
5.395000e+00 4.056255e-04
5.400000e+00 4.008686e-04
5.405000e+00 3.961322e-04
5.410000e+00 3.914165e-04
5.415000e+00 3.867218e-04
5.420000e+00 3.820483e-04
5.425000e+00 3.773963e-04
5.430000e+00 3.727658e-04
5.435000e+00 3.681572e-04
5.440000e+00 3.635707e-04
5.445000e+00 3.590064e-04
5.450000e+00 3.544646e-04
5.455000e+00 3.499454e-04
5.460000e+00 3.454491e-04
5.465000e+00 3.409758e-04
5.470000e+00 3.365258e-04
5.475000e+00 3.320991e-04
5.480000e+00 3.276961e-04
5.485000e+00 3.233167e-04
5.490000e+00 3.189613e-04
5.495000e+00 3.146300e-04
5.500000e+00 3.103229e-04
5.505000e+00 3.060401e-04
5.510000e+00 3.017820e-04
5.515000e+00 2.975485e-04
5.520000e+00 2.933398e-04
5.525000e+00 2.891561e-04
5.530000e+00 2.849975e-04
5.535000e+00 2.808642e-04
5.540000e+00 2.767562e-04
5.545000e+00 2.726737e-04
5.550000e+00 2.686168e-04
5.555000e+00 2.645856e-04
5.560000e+00 2.605802e-04
5.565000e+00 2.566008e-04
5.570000e+00 2.526474e-04
5.575000e+00 2.487201e-04
5.580000e+00 2.448191e-04
5.585000e+00 2.409445e-04
5.590000e+00 2.370962e-04
5.595000e+00 2.332744e-04
5.600000e+00 2.294792e-04
5.605000e+00 2.257107e-04
5.610000e+00 2.219690e-04
5.615000e+00 2.182540e-04
5.620000e+00 2.145659e-04
5.625000e+00 2.109047e-04
5.630000e+00 2.072706e-04
5.635000e+00 2.036635e-04
5.640000e+00 2.000835e-04
5.645000e+00 1.965306e-04
5.650000e+00 1.930050e-04
5.655000e+00 1.895066e-04
5.660000e+00 1.860356e-04
5.665000e+00 1.825918e-04
5.670000e+00 1.791754e-04
5.675000e+00 1.757864e-04
5.680000e+00 1.724248e-04
5.685000e+00 1.690906e-04
5.690000e+00 1.657839e-04
5.695000e+00 1.625047e-04
5.700000e+00 1.592530e-04
5.705000e+00 1.560288e-04
5.710000e+00 1.528321e-04
5.715000e+00 1.496629e-04
5.720000e+00 1.465213e-04
5.725000e+00 1.434071e-04
5.730000e+00 1.403205e-04
5.735000e+00 1.372614e-04
5.740000e+00 1.342298e-04
5.745000e+00 1.312257e-04
5.750000e+00 1.282491e-04
5.755000e+00 1.252999e-04
5.760000e+00 1.223782e-04
5.765000e+00 1.194839e-04
5.770000e+00 1.166170e-04
5.775000e+00 1.137774e-04
5.780000e+00 1.109652e-04
5.785000e+00 1.081803e-04
5.790000e+00 1.054227e-04
5.795000e+00 1.026922e-04
5.800000e+00 9.998899e-05
5.805000e+00 9.731290e-05
5.810000e+00 9.466390e-05
5.815000e+00 9.204195e-05
5.820000e+00 8.944700e-05
5.825000e+00 8.687899e-05
5.830000e+00 8.433788e-05
5.835000e+00 8.182360e-05
5.840000e+00 7.933609e-05
5.845000e+00 7.687530e-05
5.850000e+00 7.444116e-05
5.855000e+00 7.203360e-05
5.860000e+00 6.965255e-05
5.865000e+00 6.729795e-05
5.870000e+00 6.496971e-05
5.875000e+00 6.266778e-05
5.880000e+00 6.039207e-05
5.885000e+00 5.814250e-05
5.890000e+00 5.591899e-05
5.895000e+00 5.372147e-05
5.900000e+00 5.154984e-05
5.905000e+00 4.940402e-05
5.910000e+00 4.728392e-05
5.915000e+00 4.518946e-05
5.920000e+00 4.312053e-05
5.925000e+00 4.107706e-05
5.930000e+00 3.905894e-05
5.935000e+00 3.706608e-05
5.940000e+00 3.509838e-05
5.945000e+00 3.315573e-05
5.950000e+00 3.123805e-05
5.955000e+00 2.934522e-05
5.960000e+00 2.747714e-05
5.965000e+00 2.563371e-05
5.970000e+00 2.381482e-05
5.975000e+00 2.202035e-05
5.980000e+00 2.025020e-05
5.985000e+00 1.850426e-05
5.990000e+00 1.678241e-05
5.995000e+00 1.508455e-05
6 1.341054e-05
6.005000e+00 1.176029e-05
6.010000e+00 1.013366e-05
6.015000e+00 8.530537e-06
6.020000e+00 6.950806e-06
6.025000e+00 5.394340e-06
6.030000e+00 3.861018e-06
6.035000e+00 2.350715e-06
6.040000e+00 8.633058e-07
6.045000e+00 -6.013360e-07
6.050000e+00 -2.043338e-06
6.055000e+00 -3.462828e-06
6.060000e+00 -4.859936e-06
6.065000e+00 -6.234792e-06
6.070000e+00 -7.587527e-06
6.075000e+00 -8.918275e-06
6.080000e+00 -1.022717e-05
6.085000e+00 -1.151434e-05
6.090000e+00 -1.277992e-05
6.095000e+00 -1.402406e-05
6.100000e+00 -1.524688e-05
6.105000e+00 -1.644852e-05
6.110000e+00 -1.762913e-05
6.115000e+00 -1.878883e-05
6.120000e+00 -1.992778e-05
6.125000e+00 -2.104610e-05
6.130000e+00 -2.214394e-05
6.135000e+00 -2.322145e-05
6.140000e+00 -2.427876e-05
6.145000e+00 -2.531602e-05
6.150000e+00 -2.633336e-05
6.155000e+00 -2.733094e-05
6.160000e+00 -2.830890e-05
6.165000e+00 -2.926738e-05
6.170000e+00 -3.020652e-05
6.175000e+00 -3.112648e-05
6.180000e+00 -3.202740e-05
6.185000e+00 -3.290942e-05
6.190000e+00 -3.377270e-05
6.195000e+00 -3.461737e-05
6.200000e+00 -3.544360e-05
6.205000e+00 -3.625152e-05
6.210000e+00 -3.704128e-05
6.215000e+00 -3.781303e-05
6.220000e+00 -3.856692e-05
6.225000e+00 -3.930311e-05
6.230000e+00 -4.002173e-05
6.235000e+00 -4.072294e-05
6.240000e+00 -4.140689e-05
6.245000e+00 -4.207372e-05
6.250000e+00 -4.272360e-05
6.255000e+00 -4.335666e-05
6.260000e+00 -4.397306e-05
6.265000e+00 -4.457295e-05
6.270000e+00 -4.515647e-05
6.275000e+00 -4.572379e-05
6.280000e+00 -4.627504e-05
6.285000e+00 -4.681038e-05
6.290000e+00 -4.732997e-05
6.295000e+00 -4.783394e-05
6.300000e+00 -4.832245e-05
6.305000e+00 -4.879566e-05
6.310000e+00 -4.925371e-05
6.315000e+00 -4.969675e-05
6.320000e+00 -5.012493e-05
6.325000e+00 -5.053840e-05
6.330000e+00 -5.093732e-05
6.335000e+00 -5.132182e-05
6.340000e+00 -5.169207e-05
6.345000e+00 -5.204821e-05
6.350000e+00 -5.239038e-05
6.355000e+00 -5.271875e-05
6.360000e+00 -5.303345e-05
6.365000e+00 -5.333464e-05
6.370000e+00 -5.362246e-05
6.375000e+00 -5.389706e-05
6.380000e+00 -5.415860e-05
6.385000e+00 -5.440721e-05
6.390000e+00 -5.464304e-05
6.395000e+00 -5.486625e-05
6.400000e+00 -5.507697e-05
6.405000e+00 -5.527536e-05
6.410000e+00 -5.546155e-05
6.415000e+00 -5.563570e-05
6.420000e+00 -5.579795e-05
6.425000e+00 -5.594845e-05
6.430000e+00 -5.608733e-05
6.435000e+00 -5.621474e-05
6.440000e+00 -5.633083e-05
6.445000e+00 -5.643574e-05
6.450000e+00 -5.652961e-05
6.455000e+00 -5.661258e-05
6.460000e+00 -5.668480e-05
6.465000e+00 -5.674640e-05
6.470000e+00 -5.679753e-05
6.475000e+00 -5.683832e-05
6.480000e+00 -5.686892e-05
6.485000e+00 -5.688946e-05
6.490000e+00 -5.690008e-05
6.495000e+00 -5.690092e-05
6.500000e+00 -5.689212e-05
6.505000e+00 -5.687382e-05
6.510000e+00 -5.684614e-05
6.515000e+00 -5.680924e-05
6.520000e+00 -5.676323e-05
6.525000e+00 -5.670825e-05
6.530000e+00 -5.664445e-05
6.535000e+00 -5.657195e-05
6.540000e+00 -5.649088e-05
6.545000e+00 -5.640137e-05
6.550000e+00 -5.630357e-05
6.555000e+00 -5.619759e-05
6.560000e+00 -5.608357e-05
6.565000e+00 -5.596164e-05
6.570000e+00 -5.583192e-05
6.575000e+00 -5.569454e-05
6.580000e+00 -5.554964e-05
6.585000e+00 -5.539733e-05
6.590000e+00 -5.523774e-05
6.595000e+00 -5.507100e-05
6.600000e+00 -5.489723e-05
6.605000e+00 -5.471656e-05
6.610000e+00 -5.452910e-05
6.615000e+00 -5.433498e-05
6.620000e+00 -5.413433e-05
6.625000e+00 -5.392726e-05
6.630000e+00 -5.371388e-05
6.635000e+00 -5.349433e-05
6.640000e+00 -5.326872e-05
6.645000e+00 -5.303717e-05
6.650000e+00 -5.279979e-05
6.655000e+00 -5.255669e-05
6.660000e+00 -5.230801e-05
6.665000e+00 -5.205384e-05
6.670000e+00 -5.179430e-05
6.675000e+00 -5.152951e-05
6.680000e+00 -5.125958e-05
6.685000e+00 -5.098461e-05
6.690000e+00 -5.070473e-05
6.695000e+00 -5.042003e-05
6.700000e+00 -5.013063e-05
6.705000e+00 -4.983664e-05
6.710000e+00 -4.953816e-05
6.715000e+00 -4.923530e-05
6.720000e+00 -4.892816e-05
6.725000e+00 -4.861686e-05
6.730000e+00 -4.830148e-05
6.735000e+00 -4.798215e-05
6.740000e+00 -4.765895e-05
6.745000e+00 -4.733199e-05
6.750000e+00 -4.700137e-05
6.755000e+00 -4.666719e-05
6.760000e+00 -4.632955e-05
6.765000e+00 -4.598855e-05
6.770000e+00 -4.564428e-05
6.775000e+00 -4.529684e-05
6.780000e+00 -4.494633e-05
6.785000e+00 -4.459284e-05
6.790000e+00 -4.423646e-05
6.795000e+00 -4.387729e-05
6.800000e+00 -4.351542e-05
6.805000e+00 -4.315094e-05
6.810000e+00 -4.278394e-05
6.815000e+00 -4.241451e-05
6.820000e+00 -4.204274e-05
6.825000e+00 -4.166872e-05
6.830000e+00 -4.129253e-05
6.835000e+00 -4.091425e-05
6.840000e+00 -4.053399e-05
6.845000e+00 -4.015181e-05
6.850000e+00 -3.976780e-05
6.855000e+00 -3.938205e-05
6.860000e+00 -3.899464e-05
6.865000e+00 -3.860565e-05
6.870000e+00 -3.821515e-05
6.875000e+00 -3.782323e-05
6.880000e+00 -3.742996e-05
6.885000e+00 -3.703543e-05
6.890000e+00 -3.663971e-05
6.895000e+00 -3.624287e-05
6.900000e+00 -3.584500e-05
6.905000e+00 -3.544616e-05
6.910000e+00 -3.504642e-05
6.915000e+00 -3.464587e-05
6.920000e+00 -3.424457e-05
6.925000e+00 -3.384259e-05
6.930000e+00 -3.344000e-05
6.935000e+00 -3.303688e-05
6.940000e+00 -3.263328e-05
6.945000e+00 -3.222928e-05
6.950000e+00 -3.182495e-05
6.955000e+00 -3.142034e-05
6.960000e+00 -3.101553e-05
6.965000e+00 -3.061058e-05
6.970000e+00 -3.020555e-05
6.975000e+00 -2.980050e-05
6.980000e+00 -2.939550e-05
6.985000e+00 -2.899060e-05
6.990000e+00 -2.858587e-05
6.995000e+00 -2.818137e-05
7 -2.777715e-05
7.005000e+00 -2.737327e-05
7.010000e+00 -2.696979e-05
7.015000e+00 -2.656676e-05
7.020000e+00 -2.616424e-05
7.025000e+00 -2.576229e-05
7.030000e+00 -2.536095e-05
7.035000e+00 -2.496028e-05
7.040000e+00 -2.456034e-05
7.045000e+00 -2.416116e-05
7.050000e+00 -2.376281e-05
7.055000e+00 -2.336533e-05
7.060000e+00 -2.296878e-05
7.065000e+00 -2.257319e-05
7.070000e+00 -2.217863e-05
7.075000e+00 -2.178512e-05
7.080000e+00 -2.139273e-05
7.085000e+00 -2.100149e-05
7.090000e+00 -2.061145e-05
7.095000e+00 -2.022265e-05
7.100000e+00 -1.983513e-05
7.105000e+00 -1.944895e-05
7.110000e+00 -1.906413e-05
7.115000e+00 -1.868072e-05
7.120000e+00 -1.829877e-05
7.125000e+00 -1.791830e-05
7.130000e+00 -1.753935e-05
7.135000e+00 -1.716198e-05
7.140000e+00 -1.678620e-05
7.145000e+00 -1.641206e-05
7.150000e+00 -1.603960e-05
7.155000e+00 -1.566884e-05
7.160000e+00 -1.529983e-05
7.165000e+00 -1.493259e-05
7.170000e+00 -1.456716e-05
7.175000e+00 -1.420358e-05
7.180000e+00 -1.384186e-05
7.185000e+00 -1.348205e-05
7.190000e+00 -1.312418e-05
7.195000e+00 -1.276826e-05
7.200000e+00 -1.241434e-05
7.205000e+00 -1.206244e-05
7.210000e+00 -1.171259e-05
7.215000e+00 -1.136481e-05
7.220000e+00 -1.101913e-05
7.225000e+00 -1.067558e-05
7.230000e+00 -1.033418e-05
7.235000e+00 -9.994959e-06
7.240000e+00 -9.657935e-06
7.245000e+00 -9.323134e-06
7.250000e+00 -8.990578e-06
7.255000e+00 -8.660289e-06
7.260000e+00 -8.332288e-06
7.265000e+00 -8.006596e-06
7.270000e+00 -7.683234e-06
7.275000e+00 -7.362220e-06
7.280000e+00 -7.043574e-06
7.285000e+00 -6.727314e-06
7.290000e+00 -6.413458e-06
7.295000e+00 -6.102023e-06
7.300000e+00 -5.793025e-06
7.305000e+00 -5.486481e-06
7.310000e+00 -5.182407e-06
7.315000e+00 -4.880816e-06
7.320000e+00 -4.581725e-06
7.325000e+00 -4.285146e-06
7.330000e+00 -3.991093e-06
7.335000e+00 -3.699579e-06
7.340000e+00 -3.410616e-06
7.345000e+00 -3.124216e-06
7.350000e+00 -2.840391e-06
7.355000e+00 -2.559151e-06
7.360000e+00 -2.280506e-06
7.365000e+00 -2.004466e-06
7.370000e+00 -1.731040e-06
7.375000e+00 -1.460238e-06
7.380000e+00 -1.192068e-06
7.385000e+00 -9.265367e-07
7.390000e+00 -6.636524e-07
7.395000e+00 -4.034218e-07
7.400000e+00 -1.458512e-07
7.405000e+00 1.090532e-07
7.410000e+00 3.612859e-07
7.415000e+00 6.108420e-07
7.420000e+00 8.577168e-07
7.425000e+00 1.101906e-06
7.430000e+00 1.343406e-06
7.435000e+00 1.582213e-06
7.440000e+00 1.818325e-06
7.445000e+00 2.051739e-06
7.450000e+00 2.282453e-06
7.455000e+00 2.510465e-06
7.460000e+00 2.735774e-06
7.465000e+00 2.958379e-06
7.470000e+00 3.178279e-06
7.475000e+00 3.395476e-06
7.480000e+00 3.609968e-06
7.485000e+00 3.821757e-06
7.490000e+00 4.030843e-06
7.495000e+00 4.237229e-06
7.500000e+00 4.440915e-06
7.505000e+00 4.641904e-06
7.510000e+00 4.840199e-06
7.515000e+00 5.035803e-06
7.520000e+00 5.228717e-06
7.525000e+00 5.418947e-06
7.530000e+00 5.606496e-06
7.535000e+00 5.791368e-06
7.540000e+00 5.973568e-06
7.545000e+00 6.153101e-06
7.550000e+00 6.329972e-06
7.555000e+00 6.504185e-06
7.560000e+00 6.675748e-06
7.565000e+00 6.844666e-06
7.570000e+00 7.010946e-06
7.575000e+00 7.174594e-06
7.580000e+00 7.335617e-06
7.585000e+00 7.494023e-06
7.590000e+00 7.649819e-06
7.595000e+00 7.803013e-06
7.600000e+00 7.953613e-06
7.605000e+00 8.101627e-06
7.610000e+00 8.247065e-06
7.615000e+00 8.389934e-06
7.620000e+00 8.530245e-06
7.625000e+00 8.668006e-06
7.630000e+00 8.803227e-06
7.635000e+00 8.935918e-06
7.640000e+00 9.066089e-06
7.645000e+00 9.193750e-06
7.650000e+00 9.318913e-06
7.655000e+00 9.441587e-06
7.660000e+00 9.561784e-06
7.665000e+00 9.679515e-06
7.670000e+00 9.794792e-06
7.675000e+00 9.907626e-06
7.680000e+00 1.001803e-05
7.685000e+00 1.012601e-05
7.690000e+00 1.023159e-05
7.695000e+00 1.033477e-05
7.700000e+00 1.043557e-05
7.705000e+00 1.053401e-05
7.710000e+00 1.063008e-05
7.715000e+00 1.072381e-05
7.720000e+00 1.081522e-05
7.725000e+00 1.090431e-05
7.730000e+00 1.099109e-05
7.735000e+00 1.107559e-05
7.740000e+00 1.115781e-05
7.745000e+00 1.123777e-05
7.750000e+00 1.131549e-05
7.755000e+00 1.139097e-05
7.760000e+00 1.146424e-05
7.765000e+00 1.153531e-05
7.770000e+00 1.160418e-05
7.775000e+00 1.167089e-05
7.780000e+00 1.173543e-05
7.785000e+00 1.179783e-05
7.790000e+00 1.185811e-05
7.795000e+00 1.191628e-05
7.800000e+00 1.197234e-05
7.805000e+00 1.202633e-05
7.810000e+00 1.207825e-05
7.815000e+00 1.212813e-05
7.820000e+00 1.217597e-05
7.825000e+00 1.222179e-05
7.830000e+00 1.226561e-05
7.835000e+00 1.230745e-05
7.840000e+00 1.234732e-05
7.845000e+00 1.238523e-05
7.850000e+00 1.242121e-05
7.855000e+00 1.245527e-05
7.860000e+00 1.248743e-05
7.865000e+00 1.251771e-05
7.870000e+00 1.254611e-05
7.875000e+00 1.257266e-05
7.880000e+00 1.259738e-05
7.885000e+00 1.262027e-05
7.890000e+00 1.264137e-05
7.895000e+00 1.266068e-05
7.900000e+00 1.267822e-05
7.905000e+00 1.269401e-05
7.910000e+00 1.270807e-05
7.915000e+00 1.272041e-05
7.920000e+00 1.273106e-05
7.925000e+00 1.274002e-05
7.930000e+00 1.274732e-05
7.935000e+00 1.275297e-05
7.940000e+00 1.275699e-05
7.945000e+00 1.275939e-05
7.950000e+00 1.276020e-05
7.955000e+00 1.275944e-05
7.960000e+00 1.275711e-05
7.965000e+00 1.275324e-05
7.970000e+00 1.274785e-05
7.975000e+00 1.274094e-05
7.980000e+00 1.273255e-05
7.985000e+00 1.272268e-05
7.990000e+00 1.271136e-05
7.995000e+00 1.269860e-05
8 1.268441e-05
8.005000e+00 1.266883e-05
8.010000e+00 1.265185e-05
8.015000e+00 1.263351e-05
8.020000e+00 1.261382e-05
8.025000e+00 1.259279e-05
8.030000e+00 1.257045e-05
8.035000e+00 1.254680e-05
8.040000e+00 1.252188e-05
8.045000e+00 1.249568e-05
8.050000e+00 1.246825e-05
8.055000e+00 1.243958e-05
8.060000e+00 1.240969e-05
8.065000e+00 1.237861e-05
8.070000e+00 1.234636e-05
8.075000e+00 1.231294e-05
8.080000e+00 1.227837e-05
8.085000e+00 1.224268e-05
8.090000e+00 1.220587e-05
8.095000e+00 1.216798e-05
8.100000e+00 1.212900e-05
8.105000e+00 1.208897e-05
8.110000e+00 1.204789e-05
8.115000e+00 1.200578e-05
8.120000e+00 1.196266e-05
8.125000e+00 1.191855e-05
8.130000e+00 1.187347e-05
8.135000e+00 1.182742e-05
8.140000e+00 1.178043e-05
8.145000e+00 1.173251e-05
8.150000e+00 1.168368e-05
8.155000e+00 1.163395e-05
8.160000e+00 1.158334e-05
8.165000e+00 1.153187e-05
8.170000e+00 1.147956e-05
8.175000e+00 1.142641e-05
8.180000e+00 1.137245e-05
8.185000e+00 1.131769e-05
8.190000e+00 1.126215e-05
8.195000e+00 1.120584e-05
8.200000e+00 1.114877e-05
8.205000e+00 1.109097e-05
8.210000e+00 1.103245e-05
8.215000e+00 1.097322e-05
8.220000e+00 1.091330e-05
8.225000e+00 1.085271e-05
8.230000e+00 1.079146e-05
8.235000e+00 1.072956e-05
8.240000e+00 1.066703e-05
8.245000e+00 1.060389e-05
8.250000e+00 1.054015e-05
8.255000e+00 1.047582e-05
8.260000e+00 1.041092e-05
8.265000e+00 1.034546e-05
8.270000e+00 1.027946e-05
8.275000e+00 1.021293e-05
8.280000e+00 1.014589e-05
8.285000e+00 1.007836e-05
8.290000e+00 1.001033e-05
8.295000e+00 9.941835e-06
8.300000e+00 9.872882e-06
8.305000e+00 9.803485e-06
8.310000e+00 9.733658e-06
8.315000e+00 9.663415e-06
8.320000e+00 9.592769e-06
8.325000e+00 9.521733e-06
8.330000e+00 9.450322e-06
8.335000e+00 9.378547e-06
8.340000e+00 9.306423e-06
8.345000e+00 9.233961e-06
8.350000e+00 9.161176e-06
8.355000e+00 9.088079e-06
8.360000e+00 9.014684e-06
8.365000e+00 8.941003e-06
8.370000e+00 8.867048e-06
8.375000e+00 8.792832e-06
8.380000e+00 8.718367e-06
8.385000e+00 8.643666e-06
8.390000e+00 8.568740e-06
8.395000e+00 8.493601e-06
8.400000e+00 8.418262e-06
8.405000e+00 8.342733e-06
8.410000e+00 8.267027e-06
8.415000e+00 8.191154e-06
8.420000e+00 8.115128e-06
8.425000e+00 8.038958e-06
8.430000e+00 7.962656e-06
8.435000e+00 7.886233e-06
8.440000e+00 7.809699e-06
8.445000e+00 7.733067e-06
8.450000e+00 7.656347e-06
8.455000e+00 7.579549e-06
8.460000e+00 7.502683e-06
8.465000e+00 7.425761e-06
8.470000e+00 7.348793e-06
8.475000e+00 7.271788e-06
8.480000e+00 7.194757e-06
8.485000e+00 7.117710e-06
8.490000e+00 7.040657e-06
8.495000e+00 6.963608e-06
8.500000e+00 6.886571e-06
8.505000e+00 6.809558e-06
8.510000e+00 6.732577e-06
8.515000e+00 6.655637e-06
8.520000e+00 6.578748e-06
8.525000e+00 6.501919e-06
8.530000e+00 6.425159e-06
8.535000e+00 6.348477e-06
8.540000e+00 6.271881e-06
8.545000e+00 6.195381e-06
8.550000e+00 6.118985e-06
8.555000e+00 6.042700e-06
8.560000e+00 5.966537e-06
8.565000e+00 5.890502e-06
8.570000e+00 5.814605e-06
8.575000e+00 5.738852e-06
8.580000e+00 5.663252e-06
8.585000e+00 5.587814e-06
8.590000e+00 5.512543e-06
8.595000e+00 5.437449e-06
8.600000e+00 5.362538e-06
8.605000e+00 5.287818e-06
8.610000e+00 5.213296e-06
8.615000e+00 5.138980e-06
8.620000e+00 5.064876e-06
8.625000e+00 4.990991e-06
8.630000e+00 4.917333e-06
8.635000e+00 4.843907e-06
8.640000e+00 4.770721e-06
8.645000e+00 4.697781e-06
8.650000e+00 4.625093e-06
8.655000e+00 4.552665e-06
8.660000e+00 4.480501e-06
8.665000e+00 4.408608e-06
8.670000e+00 4.336993e-06
8.675000e+00 4.265660e-06
8.680000e+00 4.194617e-06
8.685000e+00 4.123867e-06
8.690000e+00 4.053418e-06
8.695000e+00 3.983275e-06
8.700000e+00 3.913442e-06
8.705000e+00 3.843926e-06
8.710000e+00 3.774732e-06
8.715000e+00 3.705864e-06
8.720000e+00 3.637327e-06
8.725000e+00 3.569127e-06
8.730000e+00 3.501268e-06
8.735000e+00 3.433756e-06
8.740000e+00 3.366593e-06
8.745000e+00 3.299786e-06
8.750000e+00 3.233339e-06
8.755000e+00 3.167255e-06
8.760000e+00 3.101539e-06
8.765000e+00 3.036196e-06
8.770000e+00 2.971228e-06
8.775000e+00 2.906641e-06
8.780000e+00 2.842438e-06
8.785000e+00 2.778622e-06
8.790000e+00 2.715198e-06
8.795000e+00 2.652169e-06
8.800000e+00 2.589539e-06
8.805000e+00 2.527310e-06
8.810000e+00 2.465486e-06
8.815000e+00 2.404071e-06
8.820000e+00 2.343067e-06
8.825000e+00 2.282478e-06
8.830000e+00 2.222306e-06
8.835000e+00 2.162555e-06
8.840000e+00 2.103226e-06
8.845000e+00 2.044324e-06
8.850000e+00 1.985850e-06
8.855000e+00 1.927807e-06
8.860000e+00 1.870197e-06
8.865000e+00 1.813023e-06
8.870000e+00 1.756287e-06
8.875000e+00 1.699991e-06
8.880000e+00 1.644138e-06
8.885000e+00 1.588729e-06
8.890000e+00 1.533766e-06
8.895000e+00 1.479252e-06
8.900000e+00 1.425187e-06
8.905000e+00 1.371575e-06
8.910000e+00 1.318415e-06
8.915000e+00 1.265711e-06
8.920000e+00 1.213463e-06
8.925000e+00 1.161672e-06
8.930000e+00 1.110341e-06
8.935000e+00 1.059471e-06
8.940000e+00 1.009062e-06
8.945000e+00 9.591154e-07
8.950000e+00 9.096330e-07
8.955000e+00 8.606154e-07
8.960000e+00 8.120634e-07
8.965000e+00 7.639781e-07
8.970000e+00 7.163600e-07
8.975000e+00 6.692100e-07
8.980000e+00 6.225286e-07
8.985000e+00 5.763164e-07
8.990000e+00 5.305740e-07
8.995000e+00 4.853017e-07
9 4.405000e-07
9.005000e+00 3.961691e-07
9.010000e+00 3.523093e-07
9.015000e+00 3.089208e-07
9.020000e+00 2.660036e-07
9.025000e+00 2.235580e-07
9.030000e+00 1.815838e-07
9.035000e+00 1.400809e-07
9.040000e+00 9.904938e-08
9.045000e+00 5.848892e-08
9.050000e+00 1.839931e-08
9.055000e+00 -2.121973e-08
9.060000e+00 -6.036857e-08
9.065000e+00 -9.904761e-08
9.070000e+00 -1.372573e-07
9.075000e+00 -1.749982e-07
9.080000e+00 -2.122708e-07
9.085000e+00 -2.490758e-07
9.090000e+00 -2.854139e-07
9.095000e+00 -3.212857e-07
9.100000e+00 -3.566921e-07
9.105000e+00 -3.916339e-07
9.110000e+00 -4.261119e-07
9.115000e+00 -4.601271e-07
9.120000e+00 -4.936805e-07
9.125000e+00 -5.267731e-07
9.130000e+00 -5.594060e-07
9.135000e+00 -5.915802e-07
9.140000e+00 -6.232970e-07
9.145000e+00 -6.545576e-07
9.150000e+00 -6.853632e-07
9.155000e+00 -7.157150e-07
9.160000e+00 -7.456146e-07
9.165000e+00 -7.750631e-07
9.170000e+00 -8.040621e-07
9.175000e+00 -8.326131e-07
9.180000e+00 -8.607174e-07
9.185000e+00 -8.883768e-07
9.190000e+00 -9.155927e-07
9.195000e+00 -9.423667e-07
9.200000e+00 -9.687006e-07
9.205000e+00 -9.945961e-07
9.210000e+00 -1.020055e-06
9.215000e+00 -1.045079e-06
9.220000e+00 -1.069669e-06
9.225000e+00 -1.093829e-06
9.230000e+00 -1.117558e-06
9.235000e+00 -1.140861e-06
9.240000e+00 -1.163738e-06
9.245000e+00 -1.186191e-06
9.250000e+00 -1.208222e-06
9.255000e+00 -1.229834e-06
9.260000e+00 -1.251029e-06
9.265000e+00 -1.271808e-06
9.270000e+00 -1.292174e-06
9.275000e+00 -1.312129e-06
9.280000e+00 -1.331674e-06
9.285000e+00 -1.350813e-06
9.290000e+00 -1.369548e-06
9.295000e+00 -1.387880e-06
9.300000e+00 -1.405812e-06
9.305000e+00 -1.423347e-06
9.310000e+00 -1.440487e-06
9.315000e+00 -1.457233e-06
9.320000e+00 -1.473589e-06
9.325000e+00 -1.489557e-06
9.330000e+00 -1.505139e-06
9.335000e+00 -1.520338e-06
9.340000e+00 -1.535156e-06
9.345000e+00 -1.549595e-06
9.350000e+00 -1.563659e-06
9.355000e+00 -1.577350e-06
9.360000e+00 -1.590670e-06
9.365000e+00 -1.603622e-06
9.370000e+00 -1.616208e-06
9.375000e+00 -1.628431e-06
9.380000e+00 -1.640294e-06
9.385000e+00 -1.651799e-06
9.390000e+00 -1.662950e-06
9.395000e+00 -1.673748e-06
9.400000e+00 -1.684196e-06
9.405000e+00 -1.694297e-06
9.410000e+00 -1.704054e-06
9.415000e+00 -1.713469e-06
9.420000e+00 -1.722546e-06
9.425000e+00 -1.731286e-06
9.430000e+00 -1.739693e-06
9.435000e+00 -1.747770e-06
9.440000e+00 -1.755519e-06
9.445000e+00 -1.762942e-06
9.450000e+00 -1.770044e-06
9.455000e+00 -1.776826e-06
9.460000e+00 -1.783292e-06
9.465000e+00 -1.789444e-06
9.470000e+00 -1.795285e-06
9.475000e+00 -1.800818e-06
9.480000e+00 -1.806046e-06
9.485000e+00 -1.810972e-06
9.490000e+00 -1.815598e-06
9.495000e+00 -1.819927e-06
9.500000e+00 -1.823963e-06
9.505000e+00 -1.827708e-06
9.510000e+00 -1.831165e-06
9.515000e+00 -1.834337e-06
9.520000e+00 -1.837226e-06
9.525000e+00 -1.839837e-06
9.530000e+00 -1.842171e-06
9.535000e+00 -1.844231e-06
9.540000e+00 -1.846021e-06
9.545000e+00 -1.847543e-06
9.550000e+00 -1.848800e-06
9.555000e+00 -1.849796e-06
9.560000e+00 -1.850532e-06
9.565000e+00 -1.851012e-06
9.570000e+00 -1.851239e-06
9.575000e+00 -1.851216e-06
9.580000e+00 -1.850946e-06
9.585000e+00 -1.850431e-06
9.590000e+00 -1.849674e-06
9.595000e+00 -1.848679e-06
9.600000e+00 -1.847448e-06
9.605000e+00 -1.845984e-06
9.610000e+00 -1.844290e-06
9.615000e+00 -1.842368e-06
9.620000e+00 -1.840223e-06
9.625000e+00 -1.837856e-06
9.630000e+00 -1.835271e-06
9.635000e+00 -1.832470e-06
9.640000e+00 -1.829457e-06
9.645000e+00 -1.826233e-06
9.650000e+00 -1.822802e-06
9.655000e+00 -1.819167e-06
9.660000e+00 -1.815331e-06
9.665000e+00 -1.811296e-06
9.670000e+00 -1.807066e-06
9.675000e+00 -1.802643e-06
9.680000e+00 -1.798029e-06
9.685000e+00 -1.793228e-06
9.690000e+00 -1.788243e-06
9.695000e+00 -1.783076e-06
9.700000e+00 -1.777730e-06
9.705000e+00 -1.772208e-06
9.710000e+00 -1.766513e-06
9.715000e+00 -1.760646e-06
9.720000e+00 -1.754612e-06
9.725000e+00 -1.748413e-06
9.730000e+00 -1.742052e-06
9.735000e+00 -1.735530e-06
9.740000e+00 -1.728852e-06
9.745000e+00 -1.722019e-06
9.750000e+00 -1.715035e-06
9.755000e+00 -1.707901e-06
9.760000e+00 -1.700621e-06
9.765000e+00 -1.693198e-06
9.770000e+00 -1.685633e-06
9.775000e+00 -1.677930e-06
9.780000e+00 -1.670091e-06
9.785000e+00 -1.662119e-06
9.790000e+00 -1.654017e-06
9.795000e+00 -1.645786e-06
9.800000e+00 -1.637430e-06
9.805000e+00 -1.628950e-06
9.810000e+00 -1.620351e-06
9.815000e+00 -1.611633e-06
9.820000e+00 -1.602800e-06
9.825000e+00 -1.593854e-06
9.830000e+00 -1.584797e-06
9.835000e+00 -1.575633e-06
9.840000e+00 -1.566363e-06
9.845000e+00 -1.556990e-06
9.850000e+00 -1.547516e-06
9.855000e+00 -1.537944e-06
9.860000e+00 -1.528276e-06
9.865000e+00 -1.518515e-06
9.870000e+00 -1.508662e-06
9.875000e+00 -1.498721e-06
9.880000e+00 -1.488693e-06
9.885000e+00 -1.478581e-06
9.890000e+00 -1.468387e-06
9.895000e+00 -1.458114e-06
9.900000e+00 -1.447763e-06
9.905000e+00 -1.437338e-06
9.910000e+00 -1.426839e-06
9.915000e+00 -1.416270e-06
9.920000e+00 -1.405632e-06
9.925000e+00 -1.394928e-06
9.930000e+00 -1.384161e-06
9.935000e+00 -1.373331e-06
9.940000e+00 -1.362441e-06
9.945000e+00 -1.351494e-06
9.950000e+00 -1.340492e-06
9.955000e+00 -1.329435e-06
9.960000e+00 -1.318328e-06
9.965000e+00 -1.307171e-06
9.970000e+00 -1.295967e-06
9.975000e+00 -1.284718e-06
9.980000e+00 -1.273425e-06
9.985000e+00 -1.262091e-06
9.990000e+00 -1.250718e-06
9.995000e+00 -1.239307e-06
10 -1.227861e-06
