0 1
5.000000e-03 9.973961e-01
1.000000e-02 9.970730e-01
1.500000e-02 9.965444e-01
2.000000e-02 9.958114e-01
2.500000e-02 9.948754e-01
3.000000e-02 9.937376e-01
3.500000e-02 9.923996e-01
4.000000e-02 9.908628e-01
4.500000e-02 9.891288e-01
5.000000e-02 9.871992e-01
5.500000e-02 9.850758e-01
6.000000e-02 9.827601e-01
6.500000e-02 9.802542e-01
7.000000e-02 9.775598e-01
7.500000e-02 9.746788e-01
8.000000e-02 9.716133e-01
8.500000e-02 9.683654e-01
9.000000e-02 9.649370e-01
9.500000e-02 9.613304e-01
1.000000e-01 9.575477e-01
1.050000e-01 9.535913e-01
1.100000e-01 9.494634e-01
1.150000e-01 9.451664e-01
1.200000e-01 9.407026e-01
1.250000e-01 9.360746e-01
1.300000e-01 9.312848e-01
1.350000e-01 9.263358e-01
1.400000e-01 9.212301e-01
1.450000e-01 9.159704e-01
1.500000e-01 9.105593e-01
1.550000e-01 9.049994e-01
1.600000e-01 8.992937e-01
1.650000e-01 8.934447e-01
1.700000e-01 8.874552e-01
1.750000e-01 8.813283e-01
1.800000e-01 8.750665e-01
1.850000e-01 8.686730e-01
1.900000e-01 8.621505e-01
1.950000e-01 8.555021e-01
2.000000e-01 8.487307e-01
2.050000e-01 8.418392e-01
2.100000e-01 8.348307e-01
2.150000e-01 8.277083e-01
2.200000e-01 8.204749e-01
2.250000e-01 8.131337e-01
2.300000e-01 8.056877e-01
2.350000e-01 7.981400e-01
2.400000e-01 7.904938e-01
2.450000e-01 7.827521e-01
2.500000e-01 7.749181e-01
2.550000e-01 7.669950e-01
2.600000e-01 7.589858e-01
2.650000e-01 7.508938e-01
2.700000e-01 7.427222e-01
2.750000e-01 7.344740e-01
2.800000e-01 7.261524e-01
2.850000e-01 7.177607e-01
2.900000e-01 7.093019e-01
2.950000e-01 7.007793e-01
3.000000e-01 6.921961e-01
3.050000e-01 6.835553e-01
3.100000e-01 6.748601e-01
3.150000e-01 6.661138e-01
3.200000e-01 6.573193e-01
3.250000e-01 6.484799e-01
3.300000e-01 6.395987e-01
3.350000e-01 6.306788e-01
3.400000e-01 6.217232e-01
3.450000e-01 6.127351e-01
3.500000e-01 6.037175e-01
3.550000e-01 5.946735e-01
3.600000e-01 5.856061e-01
3.650000e-01 5.765183e-01
3.700000e-01 5.674132e-01
3.750000e-01 5.582936e-01
3.800000e-01 5.491626e-01
3.850000e-01 5.400230e-01
3.900000e-01 5.308778e-01
3.950000e-01 5.217298e-01
4.000000e-01 5.125820e-01
4.050000e-01 5.034371e-01
4.100000e-01 4.942979e-01
4.150000e-01 4.851672e-01
4.200000e-01 4.760477e-01
4.250000e-01 4.669422e-01
4.300000e-01 4.578534e-01
4.350000e-01 4.487838e-01
4.400000e-01 4.397361e-01
4.450000e-01 4.307128e-01
4.500000e-01 4.217166e-01
4.550000e-01 4.127500e-01
4.600000e-01 4.038153e-01
4.650000e-01 3.949150e-01
4.700000e-01 3.860517e-01
4.750000e-01 3.772275e-01
4.800000e-01 3.684448e-01
4.850000e-01 3.597060e-01
4.900000e-01 3.510133e-01
4.950000e-01 3.423688e-01
5.000000e-01 3.337747e-01
5.050000e-01 3.252332e-01
5.100000e-01 3.167464e-01
5.150000e-01 3.083162e-01
5.200000e-01 2.999447e-01
5.250000e-01 2.916339e-01
5.300000e-01 2.833856e-01
5.350000e-01 2.752017e-01
5.400000e-01 2.670840e-01
5.450000e-01 2.590344e-01
5.500000e-01 2.510545e-01
5.550000e-01 2.431461e-01
5.600000e-01 2.353107e-01
5.650000e-01 2.275500e-01
5.700000e-01 2.198655e-01
5.750000e-01 2.122588e-01
5.800000e-01 2.047312e-01
5.850000e-01 1.972843e-01
5.900000e-01 1.899193e-01
5.950000e-01 1.826376e-01
6.000000e-01 1.754405e-01
6.050000e-01 1.683292e-01
6.100000e-01 1.613049e-01
6.150000e-01 1.543687e-01
6.200000e-01 1.475217e-01
6.250000e-01 1.407649e-01
6.300000e-01 1.340994e-01
6.350000e-01 1.275260e-01
6.400000e-01 1.210458e-01
6.450000e-01 1.146595e-01
6.500000e-01 1.083679e-01
6.550000e-01 1.021718e-01
6.600000e-01 9.607202e-02
6.650000e-01 9.006911e-02
6.700000e-01 8.416373e-02
6.750000e-01 7.835646e-02
6.800000e-01 7.264784e-02
6.850000e-01 6.703837e-02
6.900000e-01 6.152849e-02
6.950000e-01 5.611861e-02
7.000000e-01 5.080908e-02
7.050000e-01 4.560022e-02
7.100000e-01 4.049231e-02
7.150000e-01 3.548557e-02
7.200000e-01 3.058020e-02
7.250000e-01 2.577633e-02
7.300000e-01 2.107409e-02
7.350000e-01 1.647353e-02
7.400000e-01 1.197467e-02
7.450000e-01 7.577493e-03
7.500000e-01 3.281950e-03
7.550000e-01 -9.120572e-04
7.600000e-01 -5.004664e-03
7.650000e-01 -8.996044e-03
7.700000e-01 -1.288641e-02
7.750000e-01 -1.667600e-02
7.800000e-01 -2.036511e-02
7.850000e-01 -2.395405e-02
7.900000e-01 -2.744319e-02
7.950000e-01 -3.083291e-02
8.000000e-01 -3.412364e-02
8.050000e-01 -3.731583e-02
8.100000e-01 -4.040999e-02
8.150000e-01 -4.340663e-02
8.200000e-01 -4.630631e-02
8.250000e-01 -4.910963e-02
8.300000e-01 -5.181719e-02
8.350000e-01 -5.442966e-02
8.400000e-01 -5.694770e-02
8.450000e-01 -5.937204e-02
8.500000e-01 -6.170339e-02
8.550000e-01 -6.394253e-02
8.600000e-01 -6.609025e-02
8.650000e-01 -6.814736e-02
8.700000e-01 -7.011470e-02
8.750000e-01 -7.199315e-02
8.800000e-01 -7.378358e-02
8.850000e-01 -7.548693e-02
8.900000e-01 -7.710411e-02
8.950000e-01 -7.863610e-02
9.000000e-01 -8.008387e-02
9.050000e-01 -8.144843e-02
9.100000e-01 -8.273079e-02
9.150000e-01 -8.393199e-02
9.200000e-01 -8.505310e-02
9.250000e-01 -8.609519e-02
9.300000e-01 -8.705935e-02
9.350000e-01 -8.794669e-02
9.400000e-01 -8.875835e-02
9.450000e-01 -8.949546e-02
9.500000e-01 -9.015917e-02
9.550000e-01 -9.075066e-02
9.600000e-01 -9.127111e-02
9.650000e-01 -9.172171e-02
9.700000e-01 -9.210366e-02
9.750000e-01 -9.241819e-02
9.800000e-01 -9.266652e-02
9.850000e-01 -9.284989e-02
9.900000e-01 -9.296955e-02
9.950000e-01 -9.302673e-02
1 -9.302272e-02
1.005000e+00 -9.295877e-02
1.010000e+00 -9.283616e-02
1.015000e+00 -9.265617e-02
1.020000e+00 -9.242008e-02
1.025000e+00 -9.212918e-02
1.030000e+00 -9.178477e-02
1.035000e+00 -9.138813e-02
1.040000e+00 -9.094057e-02
1.045000e+00 -9.044338e-02
1.050000e+00 -8.989787e-02
1.055000e+00 -8.930534e-02
1.060000e+00 -8.866708e-02
1.065000e+00 -8.798439e-02
1.070000e+00 -8.725859e-02
1.075000e+00 -8.649095e-02
1.080000e+00 -8.568278e-02
1.085000e+00 -8.483536e-02
1.090000e+00 -8.394999e-02
1.095000e+00 -8.302795e-02
1.100000e+00 -8.207051e-02
1.105000e+00 -8.107896e-02
1.110000e+00 -8.005456e-02
1.115000e+00 -7.899856e-02
1.120000e+00 -7.791224e-02
1.125000e+00 -7.679682e-02
1.130000e+00 -7.565357e-02
1.135000e+00 -7.448370e-02
1.140000e+00 -7.328844e-02
1.145000e+00 -7.206901e-02
1.150000e+00 -7.082661e-02
1.155000e+00 -6.956244e-02
1.160000e+00 -6.827768e-02
1.165000e+00 -6.697351e-02
1.170000e+00 -6.565108e-02
1.175000e+00 -6.431157e-02
1.180000e+00 -6.295609e-02
1.185000e+00 -6.158578e-02
1.190000e+00 -6.020176e-02
1.195000e+00 -5.880513e-02
1.200000e+00 -5.739698e-02
1.205000e+00 -5.597837e-02
1.210000e+00 -5.455039e-02
1.215000e+00 -5.311406e-02
1.220000e+00 -5.167042e-02
1.225000e+00 -5.022050e-02
1.230000e+00 -4.876529e-02
1.235000e+00 -4.730579e-02
1.240000e+00 -4.584295e-02
1.245000e+00 -4.437775e-02
1.250000e+00 -4.291112e-02
1.255000e+00 -4.144398e-02
1.260000e+00 -3.997725e-02
1.265000e+00 -3.851181e-02
1.270000e+00 -3.704853e-02
1.275000e+00 -3.558828e-02
1.280000e+00 -3.413190e-02
1.285000e+00 -3.268019e-02
1.290000e+00 -3.123399e-02
1.295000e+00 -2.979405e-02
1.300000e+00 -2.836117e-02
1.305000e+00 -2.693609e-02
1.310000e+00 -2.551955e-02
1.315000e+00 -2.411225e-02
1.320000e+00 -2.271490e-02
1.325000e+00 -2.132819e-02
1.330000e+00 -1.995276e-02
1.335000e+00 -1.858926e-02
1.340000e+00 -1.723833e-02
1.345000e+00 -1.590056e-02
1.350000e+00 -1.457655e-02
1.355000e+00 -1.326685e-02
1.360000e+00 -1.197204e-02
1.365000e+00 -1.069263e-02
1.370000e+00 -9.429153e-03
1.375000e+00 -8.182092e-03
1.380000e+00 -6.951931e-03
1.385000e+00 -5.739130e-03
1.390000e+00 -4.544130e-03
1.395000e+00 -3.367356e-03
1.400000e+00 -2.209213e-03
1.405000e+00 -1.070090e-03
1.410000e+00 4.964304e-05
1.415000e+00 1.149635e-03
1.420000e+00 2.229550e-03
1.425000e+00 3.289072e-03
1.430000e+00 4.327902e-03
1.435000e+00 5.345756e-03
1.440000e+00 6.342371e-03
1.445000e+00 7.317498e-03
1.450000e+00 8.270906e-03
1.455000e+00 9.202381e-03
1.460000e+00 1.011173e-02
1.465000e+00 1.099876e-02
1.470000e+00 1.186332e-02
1.475000e+00 1.270525e-02
1.480000e+00 1.352443e-02
1.485000e+00 1.432073e-02
1.490000e+00 1.509405e-02
1.495000e+00 1.584432e-02
1.500000e+00 1.657145e-02
1.505000e+00 1.727539e-02
1.510000e+00 1.795610e-02
1.515000e+00 1.861356e-02
1.520000e+00 1.924775e-02
1.525000e+00 1.985867e-02
1.530000e+00 2.044633e-02
1.535000e+00 2.101078e-02
1.540000e+00 2.155205e-02
1.545000e+00 2.207019e-02
1.550000e+00 2.256528e-02
1.555000e+00 2.303739e-02
1.560000e+00 2.348663e-02
1.565000e+00 2.391309e-02
1.570000e+00 2.431689e-02
1.575000e+00 2.469816e-02
1.580000e+00 2.505705e-02
1.585000e+00 2.539370e-02
1.590000e+00 2.570828e-02
1.595000e+00 2.600096e-02
1.600000e+00 2.627193e-02
1.605000e+00 2.652137e-02
1.610000e+00 2.674949e-02
1.615000e+00 2.695650e-02
1.620000e+00 2.714263e-02
1.625000e+00 2.730811e-02
1.630000e+00 2.745317e-02
1.635000e+00 2.757807e-02
1.640000e+00 2.768305e-02
1.645000e+00 2.776839e-02
1.650000e+00 2.783435e-02
1.655000e+00 2.788122e-02
1.660000e+00 2.790927e-02
1.665000e+00 2.791881e-02
1.670000e+00 2.791013e-02
1.675000e+00 2.788353e-02
1.680000e+00 2.783933e-02
1.685000e+00 2.777784e-02
1.690000e+00 2.769939e-02
1.695000e+00 2.760429e-02
1.700000e+00 2.749289e-02
1.705000e+00 2.736552e-02
1.710000e+00 2.722252e-02
1.715000e+00 2.706424e-02
1.720000e+00 2.689102e-02
1.725000e+00 2.670321e-02
1.730000e+00 2.650117e-02
1.735000e+00 2.628526e-02
1.740000e+00 2.605583e-02
1.745000e+00 2.581326e-02
1.750000e+00 2.555790e-02
1.755000e+00 2.529013e-02
1.760000e+00 2.501031e-02
1.765000e+00 2.471881e-02
1.770000e+00 2.441601e-02
1.775000e+00 2.410227e-02
1.780000e+00 2.377798e-02
1.785000e+00 2.344349e-02
1.790000e+00 2.309920e-02
1.795000e+00 2.274547e-02
1.800000e+00 2.238267e-02
1.805000e+00 2.201118e-02
1.810000e+00 2.163138e-02
1.815000e+00 2.124363e-02
1.820000e+00 2.084831e-02
1.825000e+00 2.044578e-02
1.830000e+00 2.003642e-02
1.835000e+00 1.962059e-02
1.840000e+00 1.919866e-02
1.845000e+00 1.877098e-02
1.850000e+00 1.833793e-02
1.855000e+00 1.789985e-02
1.860000e+00 1.745711e-02
1.865000e+00 1.701006e-02
1.870000e+00 1.655905e-02
1.875000e+00 1.610443e-02
1.880000e+00 1.564653e-02
1.885000e+00 1.518571e-02
1.890000e+00 1.472229e-02
1.895000e+00 1.425662e-02
1.900000e+00 1.378902e-02
1.905000e+00 1.331981e-02
1.910000e+00 1.284933e-02
1.915000e+00 1.237788e-02
1.920000e+00 1.190579e-02
1.925000e+00 1.143335e-02
1.930000e+00 1.096088e-02
1.935000e+00 1.048867e-02
1.940000e+00 1.001702e-02
1.945000e+00 9.546217e-03
1.950000e+00 9.076546e-03
1.955000e+00 8.608287e-03
1.960000e+00 8.141716e-03
1.965000e+00 7.677101e-03
1.970000e+00 7.214707e-03
1.975000e+00 6.754791e-03
1.980000e+00 6.297607e-03
1.985000e+00 5.843403e-03
1.990000e+00 5.392420e-03
1.995000e+00 4.944895e-03
2 4.501057e-03
2.005000e+00 4.061131e-03
2.010000e+00 3.625337e-03
2.015000e+00 3.193887e-03
2.020000e+00 2.766988e-03
2.025000e+00 2.344840e-03
2.030000e+00 1.927639e-03
2.035000e+00 1.515574e-03
2.040000e+00 1.108827e-03
2.045000e+00 7.075756e-04
2.050000e+00 3.119900e-04
2.055000e+00 -7.776505e-05
2.060000e+00 -4.615312e-04
2.065000e+00 -8.391560e-04
2.070000e+00 -1.210493e-03
2.075000e+00 -1.575403e-03
2.080000e+00 -1.933751e-03
2.085000e+00 -2.285409e-03
2.090000e+00 -2.630256e-03
2.095000e+00 -2.968176e-03
2.100000e+00 -3.299058e-03
2.105000e+00 -3.622801e-03
2.110000e+00 -3.939305e-03
2.115000e+00 -4.248479e-03
2.120000e+00 -4.550237e-03
2.125000e+00 -4.844499e-03
2.130000e+00 -5.131192e-03
2.135000e+00 -5.410247e-03
2.140000e+00 -5.681602e-03
2.145000e+00 -5.945199e-03
2.150000e+00 -6.200989e-03
2.155000e+00 -6.448925e-03
2.160000e+00 -6.688968e-03
2.165000e+00 -6.921083e-03
2.170000e+00 -7.145242e-03
2.175000e+00 -7.361421e-03
2.180000e+00 -7.569602e-03
2.185000e+00 -7.769772e-03
2.190000e+00 -7.961923e-03
2.195000e+00 -8.146053e-03
2.200000e+00 -8.322164e-03
2.205000e+00 -8.490264e-03
2.210000e+00 -8.650364e-03
2.215000e+00 -8.802483e-03
2.220000e+00 -8.946641e-03
2.225000e+00 -9.082866e-03
2.230000e+00 -9.211188e-03
2.235000e+00 -9.331644e-03
2.240000e+00 -9.444272e-03
2.245000e+00 -9.549117e-03
2.250000e+00 -9.646228e-03
2.255000e+00 -9.735657e-03
2.260000e+00 -9.817461e-03
2.265000e+00 -9.891700e-03
2.270000e+00 -9.958438e-03
2.275000e+00 -1.001774e-02
2.280000e+00 -1.006969e-02
2.285000e+00 -1.011435e-02
2.290000e+00 -1.015181e-02
2.295000e+00 -1.018214e-02
2.300000e+00 -1.020543e-02
2.305000e+00 -1.022177e-02
2.310000e+00 -1.023125e-02
2.315000e+00 -1.023397e-02
2.320000e+00 -1.023002e-02
2.325000e+00 -1.021950e-02
2.330000e+00 -1.020252e-02
2.335000e+00 -1.017919e-02
2.340000e+00 -1.014960e-02
2.345000e+00 -1.011387e-02
2.350000e+00 -1.007211e-02
2.355000e+00 -1.002444e-02
2.360000e+00 -9.970977e-03
2.365000e+00 -9.911833e-03
2.370000e+00 -9.847130e-03
2.375000e+00 -9.776992e-03
2.380000e+00 -9.701542e-03
2.385000e+00 -9.620906e-03
2.390000e+00 -9.535210e-03
2.395000e+00 -9.444582e-03
2.400000e+00 -9.349152e-03
2.405000e+00 -9.249051e-03
2.410000e+00 -9.144409e-03
2.415000e+00 -9.035359e-03
2.420000e+00 -8.922035e-03
2.425000e+00 -8.804571e-03
2.430000e+00 -8.683102e-03
2.435000e+00 -8.557763e-03
2.440000e+00 -8.428689e-03
2.445000e+00 -8.296018e-03
2.450000e+00 -8.159885e-03
2.455000e+00 -8.020428e-03
2.460000e+00 -7.877784e-03
2.465000e+00 -7.732088e-03
2.470000e+00 -7.583479e-03
2.475000e+00 -7.432094e-03
2.480000e+00 -7.278067e-03
2.485000e+00 -7.121537e-03
2.490000e+00 -6.962639e-03
2.495000e+00 -6.801508e-03
2.500000e+00 -6.638279e-03
2.505000e+00 -6.473087e-03
2.510000e+00 -6.306065e-03
2.515000e+00 -6.137346e-03
2.520000e+00 -5.967063e-03
2.525000e+00 -5.795346e-03
2.530000e+00 -5.622325e-03
2.535000e+00 -5.448130e-03
2.540000e+00 -5.272889e-03
2.545000e+00 -5.096729e-03
2.550000e+00 -4.919776e-03
2.555000e+00 -4.742153e-03
2.560000e+00 -4.563985e-03
2.565000e+00 -4.385392e-03
2.570000e+00 -4.206495e-03
2.575000e+00 -4.027412e-03
2.580000e+00 -3.848262e-03
2.585000e+00 -3.669159e-03
2.590000e+00 -3.490217e-03
2.595000e+00 -3.311548e-03
2.600000e+00 -3.133264e-03
2.605000e+00 -2.955471e-03
2.610000e+00 -2.778278e-03
2.615000e+00 -2.601789e-03
2.620000e+00 -2.426107e-03
2.625000e+00 -2.251333e-03
2.630000e+00 -2.077566e-03
2.635000e+00 -1.904903e-03
2.640000e+00 -1.733439e-03
2.645000e+00 -1.563267e-03
2.650000e+00 -1.394478e-03
2.655000e+00 -1.227159e-03
2.660000e+00 -1.061398e-03
2.665000e+00 -8.972786e-04
2.670000e+00 -7.348829e-04
2.675000e+00 -5.742906e-04
2.680000e+00 -4.155792e-04
2.685000e+00 -2.588239e-04
2.690000e+00 -1.040976e-04
2.695000e+00 4.852894e-05
2.700000e+00 1.989875e-04
2.705000e+00 3.472121e-04
2.710000e+00 4.931390e-04
2.715000e+00 6.367070e-04
2.720000e+00 7.778571e-04
2.725000e+00 9.165325e-04
2.730000e+00 1.052679e-03
2.735000e+00 1.186245e-03
2.740000e+00 1.317181e-03
2.745000e+00 1.445439e-03
2.750000e+00 1.570975e-03
2.755000e+00 1.693746e-03
2.760000e+00 1.813712e-03
2.765000e+00 1.930835e-03
2.770000e+00 2.045079e-03
2.775000e+00 2.156413e-03
2.780000e+00 2.264803e-03
2.785000e+00 2.370223e-03
2.790000e+00 2.472645e-03
2.795000e+00 2.572046e-03
2.800000e+00 2.668404e-03
2.805000e+00 2.761698e-03
2.810000e+00 2.851913e-03
2.815000e+00 2.939032e-03
2.820000e+00 3.023043e-03
2.825000e+00 3.103934e-03
2.830000e+00 3.181697e-03
2.835000e+00 3.256326e-03
2.840000e+00 3.327815e-03
2.845000e+00 3.396163e-03
2.850000e+00 3.461369e-03
2.855000e+00 3.523434e-03
2.860000e+00 3.582361e-03
2.865000e+00 3.638157e-03
2.870000e+00 3.690828e-03
2.875000e+00 3.740385e-03
2.880000e+00 3.786837e-03
2.885000e+00 3.830197e-03
2.890000e+00 3.870482e-03
2.895000e+00 3.907706e-03
2.900000e+00 3.941888e-03
2.905000e+00 3.973047e-03
2.910000e+00 4.001206e-03
2.915000e+00 4.026388e-03
2.920000e+00 4.048616e-03
2.925000e+00 4.067918e-03
2.930000e+00 4.084320e-03
2.935000e+00 4.097852e-03
2.940000e+00 4.108545e-03
2.945000e+00 4.116431e-03
2.950000e+00 4.121542e-03
2.955000e+00 4.123914e-03
2.960000e+00 4.123582e-03
2.965000e+00 4.120583e-03
2.970000e+00 4.114956e-03
2.975000e+00 4.106741e-03
2.980000e+00 4.095977e-03
2.985000e+00 4.082706e-03
2.990000e+00 4.066971e-03
2.995000e+00 4.048816e-03
3 4.028286e-03
3.005000e+00 4.005424e-03
3.010000e+00 3.980279e-03
3.015000e+00 3.952897e-03
3.020000e+00 3.923326e-03
3.025000e+00 3.891615e-03
3.030000e+00 3.857813e-03
3.035000e+00 3.821971e-03
3.040000e+00 3.784138e-03
3.045000e+00 3.744367e-03
3.050000e+00 3.702708e-03
3.055000e+00 3.659215e-03
3.060000e+00 3.613939e-03
3.065000e+00 3.566935e-03
3.070000e+00 3.518256e-03
3.075000e+00 3.467955e-03
3.080000e+00 3.416087e-03
3.085000e+00 3.362707e-03
3.090000e+00 3.307868e-03
3.095000e+00 3.251626e-03
3.100000e+00 3.194036e-03
3.105000e+00 3.135154e-03
3.110000e+00 3.075033e-03
3.115000e+00 3.013730e-03
3.120000e+00 2.951300e-03
3.125000e+00 2.887798e-03
3.130000e+00 2.823280e-03
3.135000e+00 2.757799e-03
3.140000e+00 2.691413e-03
3.145000e+00 2.624174e-03
3.150000e+00 2.556139e-03
3.155000e+00 2.487360e-03
3.160000e+00 2.417893e-03
3.165000e+00 2.347792e-03
3.170000e+00 2.277109e-03
3.175000e+00 2.205898e-03
3.180000e+00 2.134213e-03
3.185000e+00 2.062104e-03
3.190000e+00 1.989625e-03
3.195000e+00 1.916826e-03
3.200000e+00 1.843759e-03
3.205000e+00 1.770475e-03
3.210000e+00 1.697023e-03
3.215000e+00 1.623453e-03
3.220000e+00 1.549813e-03
3.225000e+00 1.476153e-03
3.230000e+00 1.402518e-03
3.235000e+00 1.328958e-03
3.240000e+00 1.255517e-03
3.245000e+00 1.182241e-03
3.250000e+00 1.109176e-03
3.255000e+00 1.036365e-03
3.260000e+00 9.638521e-04
3.265000e+00 8.916795e-04
3.270000e+00 8.198892e-04
3.275000e+00 7.485223e-04
3.280000e+00 6.776190e-04
3.285000e+00 6.072188e-04
3.290000e+00 5.373602e-04
3.295000e+00 4.680808e-04
3.300000e+00 3.994177e-04
3.305000e+00 3.314066e-04
3.310000e+00 2.640828e-04
3.315000e+00 1.974803e-04
3.320000e+00 1.316325e-04
3.325000e+00 6.657158e-05
3.330000e+00 2.329043e-06
3.335000e+00 -6.106466e-05
3.340000e+00 -1.235800e-04
3.345000e+00 -1.851884e-04
3.350000e+00 -2.458623e-04
3.355000e+00 -3.055750e-04
3.360000e+00 -3.643008e-04
3.365000e+00 -4.220149e-04
3.370000e+00 -4.786937e-04
3.375000e+00 -5.343144e-04
3.380000e+00 -5.888550e-04
3.385000e+00 -6.422949e-04
3.390000e+00 -6.946142e-04
3.395000e+00 -7.457940e-04
3.400000e+00 -7.958163e-04
3.405000e+00 -8.446644e-04
3.410000e+00 -8.923221e-04
3.415000e+00 -9.387746e-04
3.420000e+00 -9.840078e-04
3.425000e+00 -1.028009e-03
3.430000e+00 -1.070765e-03
3.435000e+00 -1.112266e-03
3.440000e+00 -1.152501e-03
3.445000e+00 -1.191461e-03
3.450000e+00 -1.229138e-03
3.455000e+00 -1.265524e-03
3.460000e+00 -1.300613e-03
3.465000e+00 -1.334399e-03
3.470000e+00 -1.366877e-03
3.475000e+00 -1.398045e-03
3.480000e+00 -1.427898e-03
3.485000e+00 -1.456435e-03
3.490000e+00 -1.483656e-03
3.495000e+00 -1.509559e-03
3.500000e+00 -1.534145e-03
3.505000e+00 -1.557415e-03
3.510000e+00 -1.579372e-03
3.515000e+00 -1.600020e-03
3.520000e+00 -1.619360e-03
3.525000e+00 -1.637400e-03
3.530000e+00 -1.654142e-03
3.535000e+00 -1.669595e-03
3.540000e+00 -1.683764e-03
3.545000e+00 -1.696658e-03
3.550000e+00 -1.708285e-03
3.555000e+00 -1.718653e-03
3.560000e+00 -1.727772e-03
3.565000e+00 -1.735654e-03
3.570000e+00 -1.742308e-03
3.575000e+00 -1.747748e-03
3.580000e+00 -1.751984e-03
3.585000e+00 -1.755029e-03
3.590000e+00 -1.756899e-03
3.595000e+00 -1.757605e-03
3.600000e+00 -1.757164e-03
3.605000e+00 -1.755591e-03
3.610000e+00 -1.752900e-03
3.615000e+00 -1.749109e-03
3.620000e+00 -1.744233e-03
3.625000e+00 -1.738291e-03
3.630000e+00 -1.731300e-03
3.635000e+00 -1.723278e-03
3.640000e+00 -1.714244e-03
3.645000e+00 -1.704216e-03
3.650000e+00 -1.693214e-03
3.655000e+00 -1.681257e-03
3.660000e+00 -1.668366e-03
3.665000e+00 -1.654561e-03
3.670000e+00 -1.639863e-03
3.675000e+00 -1.624292e-03
3.680000e+00 -1.607871e-03
3.685000e+00 -1.590620e-03
3.690000e+00 -1.572562e-03
3.695000e+00 -1.553718e-03
3.700000e+00 -1.534111e-03
3.705000e+00 -1.513763e-03
3.710000e+00 -1.492697e-03
3.715000e+00 -1.470936e-03
3.720000e+00 -1.448503e-03
3.725000e+00 -1.425420e-03
3.730000e+00 -1.401712e-03
3.735000e+00 -1.377401e-03
3.740000e+00 -1.352511e-03
3.745000e+00 -1.327065e-03
3.750000e+00 -1.301088e-03
3.755000e+00 -1.274601e-03
3.760000e+00 -1.247630e-03
3.765000e+00 -1.220198e-03
3.770000e+00 -1.192327e-03
3.775000e+00 -1.164043e-03
3.780000e+00 -1.135368e-03
3.785000e+00 -1.106326e-03
3.790000e+00 -1.076941e-03
3.795000e+00 -1.047235e-03
3.800000e+00 -1.017232e-03
3.805000e+00 -9.869545e-04
3.810000e+00 -9.564266e-04
3.815000e+00 -9.256706e-04
3.820000e+00 -8.947094e-04
3.825000e+00 -8.635654e-04
3.830000e+00 -8.322610e-04
3.835000e+00 -8.008186e-04
3.840000e+00 -7.692601e-04
3.845000e+00 -7.376073e-04
3.850000e+00 -7.058819e-04
3.855000e+00 -6.741051e-04
3.860000e+00 -6.422982e-04
3.865000e+00 -6.104820e-04
3.870000e+00 -5.786771e-04
3.875000e+00 -5.469039e-04
3.880000e+00 -5.151824e-04
3.885000e+00 -4.835324e-04
3.890000e+00 -4.519734e-04
3.895000e+00 -4.205245e-04
3.900000e+00 -3.892047e-04
3.905000e+00 -3.580324e-04
3.910000e+00 -3.270259e-04
3.915000e+00 -2.962029e-04
3.920000e+00 -2.655811e-04
3.925000e+00 -2.351776e-04
3.930000e+00 -2.050092e-04
3.935000e+00 -1.750923e-04
3.940000e+00 -1.454430e-04
3.945000e+00 -1.160771e-04
3.950000e+00 -8.700974e-05
3.955000e+00 -5.825597e-05
3.960000e+00 -2.983030e-05
3.965000e+00 -1.746873e-06
3.970000e+00 2.598057e-05
3.975000e+00 5.333870e-05
3.980000e+00 8.031456e-05
3.985000e+00 1.068956e-04
3.990000e+00 1.330698e-04
3.995000e+00 1.588254e-04
4 1.841511e-04
4.005000e+00 2.090360e-04
4.010000e+00 2.334698e-04
4.015000e+00 2.574423e-04
4.020000e+00 2.809440e-04
4.025000e+00 3.039657e-04
4.030000e+00 3.264987e-04
4.035000e+00 3.485347e-04
4.040000e+00 3.700656e-04
4.045000e+00 3.910841e-04
4.050000e+00 4.115831e-04
4.055000e+00 4.315559e-04
4.060000e+00 4.509964e-04
4.065000e+00 4.698987e-04
4.070000e+00 4.882574e-04
4.075000e+00 5.060677e-04
4.080000e+00 5.233250e-04
4.085000e+00 5.400251e-04
4.090000e+00 5.561643e-04
4.095000e+00 5.717393e-04
4.100000e+00 5.867472e-04
4.105000e+00 6.011854e-04
4.110000e+00 6.150519e-04
4.115000e+00 6.283450e-04
4.120000e+00 6.410632e-04
4.125000e+00 6.532057e-04
4.130000e+00 6.647718e-04
4.135000e+00 6.757615e-04
4.140000e+00 6.861749e-04
4.145000e+00 6.960124e-04
4.150000e+00 7.052751e-04
4.155000e+00 7.139643e-04
4.160000e+00 7.220814e-04
4.165000e+00 7.296286e-04
4.170000e+00 7.366081e-04
4.175000e+00 7.430225e-04
4.180000e+00 7.488748e-04
4.185000e+00 7.541684e-04
4.190000e+00 7.589068e-04
4.195000e+00 7.630940e-04
4.200000e+00 7.667342e-04
4.205000e+00 7.698319e-04
4.210000e+00 7.723919e-04
4.215000e+00 7.744194e-04
4.220000e+00 7.759197e-04
4.225000e+00 7.768984e-04
4.230000e+00 7.773616e-04
4.235000e+00 7.773153e-04
4.240000e+00 7.767659e-04
4.245000e+00 7.757203e-04
4.250000e+00 7.741851e-04
4.255000e+00 7.721676e-04
4.260000e+00 7.696751e-04
4.265000e+00 7.667152e-04
4.270000e+00 7.632957e-04
4.275000e+00 7.594244e-04
4.280000e+00 7.551095e-04
4.285000e+00 7.503595e-04
4.290000e+00 7.451827e-04
4.295000e+00 7.395879e-04
4.300000e+00 7.335839e-04
4.305000e+00 7.271797e-04
4.310000e+00 7.203845e-04
4.315000e+00 7.132074e-04
4.320000e+00 7.056580e-04
4.325000e+00 6.977456e-04
4.330000e+00 6.894801e-04
4.335000e+00 6.808710e-04
4.340000e+00 6.719283e-04
4.345000e+00 6.626618e-04
4.350000e+00 6.530817e-04
4.355000e+00 6.431979e-04
4.360000e+00 6.330207e-04
4.365000e+00 6.225602e-04
4.370000e+00 6.118268e-04
4.375000e+00 6.008308e-04
4.380000e+00 5.895826e-04
4.385000e+00 5.780924e-04
4.390000e+00 5.663709e-04
4.395000e+00 5.544283e-04
4.400000e+00 5.422752e-04
4.405000e+00 5.299221e-04
4.410000e+00 5.173793e-04
4.415000e+00 5.046574e-04
4.420000e+00 4.917667e-04
4.425000e+00 4.787178e-04
4.430000e+00 4.655209e-04
4.435000e+00 4.521864e-04
4.440000e+00 4.387246e-04
4.445000e+00 4.251459e-04
4.450000e+00 4.114604e-04
4.455000e+00 3.976782e-04
4.460000e+00 3.838096e-04
4.465000e+00 3.698644e-04
4.470000e+00 3.558526e-04
4.475000e+00 3.417841e-04
4.480000e+00 3.276687e-04
4.485000e+00 3.135161e-04
4.490000e+00 2.993358e-04
4.495000e+00 2.851374e-04
4.500000e+00 2.709302e-04
4.505000e+00 2.567236e-04
4.510000e+00 2.425266e-04
4.515000e+00 2.283483e-04
4.520000e+00 2.141976e-04
4.525000e+00 2.000834e-04
4.530000e+00 1.860142e-04
4.535000e+00 1.719986e-04
4.540000e+00 1.580450e-04
4.545000e+00 1.441616e-04
4.550000e+00 1.303565e-04
4.555000e+00 1.166376e-04
4.560000e+00 1.030128e-04
4.565000e+00 8.948961e-05
4.570000e+00 7.607555e-05
4.575000e+00 6.277791e-05
4.580000e+00 4.960385e-05
4.585000e+00 3.656034e-05
4.590000e+00 2.365417e-05
4.595000e+00 1.089200e-05
4.600000e+00 -1.719739e-06
4.605000e+00 -1.417475e-05
4.610000e+00 -2.646693e-05
4.615000e+00 -3.859036e-05
4.620000e+00 -5.053930e-05
4.625000e+00 -6.230818e-05
4.630000e+00 -7.389164e-05
4.635000e+00 -8.528448e-05
4.640000e+00 -9.648169e-05
4.645000e+00 -1.074785e-04
4.650000e+00 -1.182702e-04
4.655000e+00 -1.288524e-04
4.660000e+00 -1.392208e-04
4.665000e+00 -1.493715e-04
4.670000e+00 -1.593004e-04
4.675000e+00 -1.690040e-04
4.680000e+00 -1.784788e-04
4.685000e+00 -1.877213e-04
4.690000e+00 -1.967287e-04
4.695000e+00 -2.054978e-04
4.700000e+00 -2.140260e-04
4.705000e+00 -2.223108e-04
4.710000e+00 -2.303497e-04
4.715000e+00 -2.381407e-04
4.720000e+00 -2.456816e-04
4.725000e+00 -2.529709e-04
4.730000e+00 -2.600067e-04
4.735000e+00 -2.667878e-04
4.740000e+00 -2.733127e-04
4.745000e+00 -2.795806e-04
4.750000e+00 -2.855904e-04
4.755000e+00 -2.913416e-04
4.760000e+00 -2.968334e-04
4.765000e+00 -3.020656e-04
4.770000e+00 -3.070380e-04
4.775000e+00 -3.117505e-04
4.780000e+00 -3.162033e-04
4.785000e+00 -3.203967e-04
4.790000e+00 -3.243311e-04
4.795000e+00 -3.280073e-04
4.800000e+00 -3.314259e-04
4.805000e+00 -3.345880e-04
4.810000e+00 -3.374946e-04
4.815000e+00 -3.401470e-04
4.820000e+00 -3.425466e-04
4.825000e+00 -3.446949e-04
4.830000e+00 -3.465936e-04
4.835000e+00 -3.482445e-04
4.840000e+00 -3.496497e-04
4.845000e+00 -3.508111e-04
4.850000e+00 -3.517311e-04
4.855000e+00 -3.524119e-04
4.860000e+00 -3.528561e-04
4.865000e+00 -3.530663e-04
4.870000e+00 -3.530452e-04
4.875000e+00 -3.527956e-04
4.880000e+00 -3.523205e-04
4.885000e+00 -3.516229e-04
4.890000e+00 -3.507060e-04
4.895000e+00 -3.495731e-04
4.900000e+00 -3.482275e-04
4.905000e+00 -3.466728e-04
4.910000e+00 -3.449123e-04
4.915000e+00 -3.429499e-04
4.920000e+00 -3.407892e-04
4.925000e+00 -3.384341e-04
4.930000e+00 -3.358884e-04
4.935000e+00 -3.331560e-04
4.940000e+00 -3.302411e-04
4.945000e+00 -3.271478e-04
4.950000e+00 -3.238801e-04
4.955000e+00 -3.204424e-04
4.960000e+00 -3.168389e-04
4.965000e+00 -3.130740e-04
4.970000e+00 -3.091521e-04
4.975000e+00 -3.050775e-04
4.980000e+00 -3.008549e-04
4.985000e+00 -2.964887e-04
4.990000e+00 -2.919834e-04
4.995000e+00 -2.873438e-04
5 -2.825744e-04
5.005000e+00 -2.776798e-04
5.010000e+00 -2.726648e-04
5.015000e+00 -2.675341e-04
5.020000e+00 -2.622923e-04
5.025000e+00 -2.569443e-04
5.030000e+00 -2.514947e-04
5.035000e+00 -2.459483e-04
5.040000e+00 -2.403098e-04
5.045000e+00 -2.345841e-04
5.050000e+00 -2.287758e-04
5.055000e+00 -2.228898e-04
5.060000e+00 -2.169308e-04
5.065000e+00 -2.109034e-04
5.070000e+00 -2.048125e-04
5.075000e+00 -1.986627e-04
5.080000e+00 -1.924587e-04
5.085000e+00 -1.862051e-04
5.090000e+00 -1.799067e-04
5.095000e+00 -1.735680e-04
5.100000e+00 -1.671937e-04
5.105000e+00 -1.607881e-04
5.110000e+00 -1.543560e-04
5.115000e+00 -1.479016e-04
5.120000e+00 -1.414296e-04
5.125000e+00 -1.349442e-04
5.130000e+00 -1.284499e-04
5.135000e+00 -1.219509e-04
5.140000e+00 -1.154514e-04
5.145000e+00 -1.089558e-04
5.150000e+00 -1.024681e-04
5.155000e+00 -9.599237e-05
5.160000e+00 -8.953274e-05
5.165000e+00 -8.309314e-05
5.170000e+00 -7.667751e-05
5.175000e+00 -7.028968e-05
5.180000e+00 -6.393345e-05
5.185000e+00 -5.761255e-05
5.190000e+00 -5.133062e-05
5.195000e+00 -4.509126e-05
5.200000e+00 -3.889799e-05
5.205000e+00 -3.275423e-05
5.210000e+00 -2.666338e-05
5.215000e+00 -2.062872e-05
5.220000e+00 -1.465347e-05
5.225000e+00 -8.740771e-06
5.230000e+00 -2.893694e-06
5.235000e+00 2.884779e-06
5.240000e+00 8.591741e-06
5.245000e+00 1.422437e-05
5.250000e+00 1.977992e-05
5.255000e+00 2.525574e-05
5.260000e+00 3.064924e-05
5.265000e+00 3.595794e-05
5.270000e+00 4.117943e-05
5.275000e+00 4.631138e-05
5.280000e+00 5.135156e-05
5.285000e+00 5.629782e-05
5.290000e+00 6.114809e-05
5.295000e+00 6.590040e-05
5.300000e+00 7.055284e-05
5.305000e+00 7.510363e-05
5.310000e+00 7.955105e-05
5.315000e+00 8.389345e-05
5.320000e+00 8.812931e-05
5.325000e+00 9.225716e-05
5.330000e+00 9.627563e-05
5.335000e+00 1.001835e-04
5.340000e+00 1.039794e-04
5.345000e+00 1.076624e-04
5.350000e+00 1.112315e-04
5.355000e+00 1.146856e-04
5.360000e+00 1.180240e-04
5.365000e+00 1.212458e-04
5.370000e+00 1.243504e-04
5.375000e+00 1.273372e-04
5.380000e+00 1.302056e-04
5.385000e+00 1.329553e-04
5.390000e+00 1.355859e-04
5.395000e+00 1.380971e-04
5.400000e+00 1.404887e-04
5.405000e+00 1.427606e-04
5.410000e+00 1.449128e-04
5.415000e+00 1.469453e-04
5.420000e+00 1.488583e-04
5.425000e+00 1.506519e-04
5.430000e+00 1.523264e-04
5.435000e+00 1.538822e-04
5.440000e+00 1.553197e-04
5.445000e+00 1.566393e-04
5.450000e+00 1.578416e-04
5.455000e+00 1.589273e-04
5.460000e+00 1.598970e-04
5.465000e+00 1.607516e-04
5.470000e+00 1.614917e-04
5.475000e+00 1.621184e-04
5.480000e+00 1.626326e-04
5.485000e+00 1.630353e-04
5.490000e+00 1.633275e-04
5.495000e+00 1.635104e-04
5.500000e+00 1.635852e-04
5.505000e+00 1.635531e-04
5.510000e+00 1.634154e-04
5.515000e+00 1.631735e-04
5.520000e+00 1.628288e-04
5.525000e+00 1.623827e-04
5.530000e+00 1.618368e-04
5.535000e+00 1.611925e-04
5.540000e+00 1.604515e-04
5.545000e+00 1.596154e-04
5.550000e+00 1.586858e-04
5.555000e+00 1.576645e-04
5.560000e+00 1.565533e-04
5.565000e+00 1.553539e-04
5.570000e+00 1.540682e-04
5.575000e+00 1.526980e-04
5.580000e+00 1.512452e-04
5.585000e+00 1.497117e-04
5.590000e+00 1.480995e-04
5.595000e+00 1.464106e-04
5.600000e+00 1.446470e-04
5.605000e+00 1.428107e-04
5.610000e+00 1.409037e-04
5.615000e+00 1.389282e-04
5.620000e+00 1.368862e-04
5.625000e+00 1.347798e-04
5.630000e+00 1.326112e-04
5.635000e+00 1.303825e-04
5.640000e+00 1.280959e-04
5.645000e+00 1.257535e-04
5.650000e+00 1.233575e-04
5.655000e+00 1.209100e-04
5.660000e+00 1.184134e-04
5.665000e+00 1.158698e-04
5.670000e+00 1.132813e-04
5.675000e+00 1.106503e-04
5.680000e+00 1.079788e-04
5.685000e+00 1.052691e-04
5.690000e+00 1.025235e-04
5.695000e+00 9.974405e-05
5.700000e+00 9.693302e-05
5.705000e+00 9.409260e-05
5.710000e+00 9.122497e-05
5.715000e+00 8.833230e-05
5.720000e+00 8.541675e-05
5.725000e+00 8.248050e-05
5.730000e+00 7.952567e-05
5.735000e+00 7.655441e-05
5.740000e+00 7.356881e-05
5.745000e+00 7.057099e-05
5.750000e+00 6.756303e-05
5.755000e+00 6.454698e-05
5.760000e+00 6.152490e-05
5.765000e+00 5.849881e-05
5.770000e+00 5.547071e-05
5.775000e+00 5.244259e-05
5.780000e+00 4.941639e-05
5.785000e+00 4.639406e-05
5.790000e+00 4.337750e-05
5.795000e+00 4.036859e-05
5.800000e+00 3.736918e-05
5.805000e+00 3.438110e-05
5.810000e+00 3.140616e-05
5.815000e+00 2.844610e-05
5.820000e+00 2.550268e-05
5.825000e+00 2.257759e-05
5.830000e+00 1.967251e-05
5.835000e+00 1.678908e-05
5.840000e+00 1.392891e-05
5.845000e+00 1.109356e-05
5.850000e+00 8.284587e-06
5.855000e+00 5.503483e-06
5.860000e+00 2.751718e-06
5.865000e+00 3.072252e-08
5.870000e+00 -2.658108e-06
5.875000e+00 -5.313417e-06
5.880000e+00 -7.933885e-06
5.885000e+00 -1.051823e-05
5.890000e+00 -1.306521e-05
5.895000e+00 -1.557362e-05
5.900000e+00 -1.804229e-05
5.905000e+00 -2.047010e-05
5.910000e+00 -2.285597e-05
5.915000e+00 -2.519884e-05
5.920000e+00 -2.749771e-05
5.925000e+00 -2.975161e-05
5.930000e+00 -3.195962e-05
5.935000e+00 -3.412086e-05
5.940000e+00 -3.623448e-05
5.945000e+00 -3.829967e-05
5.950000e+00 -4.031567e-05
5.955000e+00 -4.228176e-05
5.960000e+00 -4.419726e-05
5.965000e+00 -4.606153e-05
5.970000e+00 -4.787396e-05
5.975000e+00 -4.963400e-05
5.980000e+00 -5.134113e-05
5.985000e+00 -5.299487e-05
5.990000e+00 -5.459477e-05
5.995000e+00 -5.614045e-05
6 -5.763153e-05
6.005000e+00 -5.906770e-05
6.010000e+00 -6.044868e-05
6.015000e+00 -6.177423e-05
6.020000e+00 -6.304414e-05
6.025000e+00 -6.425825e-05
6.030000e+00 -6.541643e-05
6.035000e+00 -6.651859e-05
6.040000e+00 -6.756468e-05
6.045000e+00 -6.855467e-05
6.050000e+00 -6.948861e-05
6.055000e+00 -7.036653e-05
6.060000e+00 -7.118853e-05
6.065000e+00 -7.195474e-05
6.070000e+00 -7.266531e-05
6.075000e+00 -7.332046e-05
6.080000e+00 -7.392039e-05
6.085000e+00 -7.446538e-05
6.090000e+00 -7.495572e-05
6.095000e+00 -7.539174e-05
6.100000e+00 -7.577378e-05
6.105000e+00 -7.610225e-05
6.110000e+00 -7.637755e-05
6.115000e+00 -7.660014e-05
6.120000e+00 -7.677048e-05
6.125000e+00 -7.688909e-05
6.130000e+00 -7.695650e-05
6.135000e+00 -7.697326e-05
6.140000e+00 -7.693995e-05
6.145000e+00 -7.685719e-05
6.150000e+00 -7.672562e-05
6.155000e+00 -7.654588e-05
6.160000e+00 -7.631866e-05
6.165000e+00 -7.604467e-05
6.170000e+00 -7.572463e-05
6.175000e+00 -7.535929e-05
6.180000e+00 -7.494942e-05
6.185000e+00 -7.449580e-05
6.190000e+00 -7.399924e-05
6.195000e+00 -7.346057e-05
6.200000e+00 -7.288063e-05
6.205000e+00 -7.226027e-05
6.210000e+00 -7.160037e-05
6.215000e+00 -7.090183e-05
6.220000e+00 -7.016554e-05
6.225000e+00 -6.939243e-05
6.230000e+00 -6.858343e-05
6.235000e+00 -6.773947e-05
6.240000e+00 -6.686153e-05
6.245000e+00 -6.595055e-05
6.250000e+00 -6.500752e-05
6.255000e+00 -6.403342e-05
6.260000e+00 -6.302925e-05
6.265000e+00 -6.199601e-05
6.270000e+00 -6.093470e-05
6.275000e+00 -5.984634e-05
6.280000e+00 -5.873195e-05
6.285000e+00 -5.759256e-05
6.290000e+00 -5.642920e-05
6.295000e+00 -5.524289e-05
6.300000e+00 -5.403467e-05
6.305000e+00 -5.280559e-05
6.310000e+00 -5.155667e-05
6.315000e+00 -5.028897e-05
6.320000e+00 -4.900351e-05
6.325000e+00 -4.770133e-05
6.330000e+00 -4.638349e-05
6.335000e+00 -4.505100e-05
6.340000e+00 -4.370490e-05
6.345000e+00 -4.234622e-05
6.350000e+00 -4.097599e-05
6.355000e+00 -3.959523e-05
6.360000e+00 -3.820495e-05
6.365000e+00 -3.680617e-05
6.370000e+00 -3.539988e-05
6.375000e+00 -3.398708e-05
6.380000e+00 -3.256877e-05
6.385000e+00 -3.114592e-05
6.390000e+00 -2.971950e-05
6.395000e+00 -2.829049e-05
6.400000e+00 -2.685984e-05
6.405000e+00 -2.542848e-05
6.410000e+00 -2.399735e-05
6.415000e+00 -2.256738e-05
6.420000e+00 -2.113948e-05
6.425000e+00 -1.971454e-05
6.430000e+00 -1.829345e-05
6.435000e+00 -1.687709e-05
6.440000e+00 -1.546632e-05
6.445000e+00 -1.406198e-05
6.450000e+00 -1.266490e-05
6.455000e+00 -1.127591e-05
6.460000e+00 -9.895804e-06
6.465000e+00 -8.525378e-06
6.470000e+00 -7.165401e-06
6.475000e+00 -5.816632e-06
6.480000e+00 -4.479812e-06
6.485000e+00 -3.155666e-06
6.490000e+00 -1.844902e-06
6.495000e+00 -5.482122e-07
6.500000e+00 7.337295e-07
6.505000e+00 2.000266e-06
6.510000e+00 3.250758e-06
6.515000e+00 4.484583e-06
6.520000e+00 5.701138e-06
6.525000e+00 6.899838e-06
6.530000e+00 8.080115e-06
6.535000e+00 9.241421e-06
6.540000e+00 1.038323e-05
6.545000e+00 1.150502e-05
6.550000e+00 1.260630e-05
6.555000e+00 1.368661e-05
6.560000e+00 1.474549e-05
6.565000e+00 1.578250e-05
6.570000e+00 1.679722e-05
6.575000e+00 1.778926e-05
6.580000e+00 1.875824e-05
6.585000e+00 1.970381e-05
6.590000e+00 2.062562e-05
6.595000e+00 2.152335e-05
6.600000e+00 2.239671e-05
6.605000e+00 2.324541e-05
6.610000e+00 2.406919e-05
6.615000e+00 2.486780e-05
6.620000e+00 2.564103e-05
6.625000e+00 2.638866e-05
6.630000e+00 2.711052e-05
6.635000e+00 2.780643e-05
6.640000e+00 2.847625e-05
6.645000e+00 2.911984e-05
6.650000e+00 2.973709e-05
6.655000e+00 3.032792e-05
6.660000e+00 3.089224e-05
6.665000e+00 3.143000e-05
6.670000e+00 3.194116e-05
6.675000e+00 3.242569e-05
6.680000e+00 3.288360e-05
6.685000e+00 3.331490e-05
6.690000e+00 3.371960e-05
6.695000e+00 3.409777e-05
6.700000e+00 3.444947e-05
6.705000e+00 3.477477e-05
6.710000e+00 3.507377e-05
6.715000e+00 3.534659e-05
6.720000e+00 3.559334e-05
6.725000e+00 3.581417e-05
6.730000e+00 3.600925e-05
6.735000e+00 3.617873e-05
6.740000e+00 3.632282e-05
6.745000e+00 3.644171e-05
6.750000e+00 3.653561e-05
6.755000e+00 3.660475e-05
6.760000e+00 3.664939e-05
6.765000e+00 3.666976e-05
6.770000e+00 3.666614e-05
6.775000e+00 3.663881e-05
6.780000e+00 3.658807e-05
6.785000e+00 3.651421e-05
6.790000e+00 3.641755e-05
6.795000e+00 3.629841e-05
6.800000e+00 3.615714e-05
6.805000e+00 3.599409e-05
6.810000e+00 3.580960e-05
6.815000e+00 3.560405e-05
6.820000e+00 3.537781e-05
6.825000e+00 3.513127e-05
6.830000e+00 3.486483e-05
6.835000e+00 3.457888e-05
6.840000e+00 3.427384e-05
6.845000e+00 3.395012e-05
6.850000e+00 3.360815e-05
6.855000e+00 3.324836e-05
6.860000e+00 3.287120e-05
6.865000e+00 3.247710e-05
6.870000e+00 3.206651e-05
6.875000e+00 3.163990e-05
6.880000e+00 3.119772e-05
6.885000e+00 3.074044e-05
6.890000e+00 3.026852e-05
6.895000e+00 2.978246e-05
6.900000e+00 2.928271e-05
6.905000e+00 2.876976e-05
6.910000e+00 2.824410e-05
6.915000e+00 2.770621e-05
6.920000e+00 2.715659e-05
6.925000e+00 2.659572e-05
6.930000e+00 2.602409e-05
6.935000e+00 2.544220e-05
6.940000e+00 2.485055e-05
6.945000e+00 2.424963e-05
6.950000e+00 2.363993e-05
6.955000e+00 2.302195e-05
6.960000e+00 2.239619e-05
6.965000e+00 2.176313e-05
6.970000e+00 2.112328e-05
6.975000e+00 2.047713e-05
6.980000e+00 1.982516e-05
6.985000e+00 1.916787e-05
6.990000e+00 1.850574e-05
6.995000e+00 1.783925e-05
7 1.716890e-05
7.005000e+00 1.649514e-05
7.010000e+00 1.581847e-05
7.015000e+00 1.513934e-05
7.020000e+00 1.445824e-05
7.025000e+00 1.377562e-05
7.030000e+00 1.309193e-05
7.035000e+00 1.240764e-05
7.040000e+00 1.172320e-05
7.045000e+00 1.103905e-05
7.050000e+00 1.035562e-05
7.055000e+00 9.673352e-06
7.060000e+00 8.992676e-06
7.065000e+00 8.314011e-06
7.070000e+00 7.637772e-06
7.075000e+00 6.964370e-06
7.080000e+00 6.294208e-06
7.085000e+00 5.627680e-06
7.090000e+00 4.965177e-06
7.095000e+00 4.307081e-06
7.100000e+00 3.653766e-06
7.105000e+00 3.005600e-06
7.110000e+00 2.362943e-06
7.115000e+00 1.726148e-06
7.120000e+00 1.095558e-06
7.125000e+00 4.715100e-07
7.130000e+00 -1.456675e-07
7.135000e+00 -7.556545e-07
7.140000e+00 -1.358139e-06
7.145000e+00 -1.952818e-06
7.150000e+00 -2.539396e-06
7.155000e+00 -3.117588e-06
7.160000e+00 -3.687115e-06
7.165000e+00 -4.247709e-06
7.170000e+00 -4.799110e-06
7.175000e+00 -5.341067e-06
7.180000e+00 -5.873338e-06
7.185000e+00 -6.395690e-06
7.190000e+00 -6.907899e-06
7.195000e+00 -7.409751e-06
7.200000e+00 -7.901040e-06
7.205000e+00 -8.381568e-06
7.210000e+00 -8.851151e-06
7.215000e+00 -9.309608e-06
7.220000e+00 -9.756771e-06
7.225000e+00 -1.019248e-05
7.230000e+00 -1.061659e-05
7.235000e+00 -1.102895e-05
7.240000e+00 -1.142944e-05
7.245000e+00 -1.181792e-05
7.250000e+00 -1.219430e-05
7.255000e+00 -1.255845e-05
7.260000e+00 -1.291030e-05
7.265000e+00 -1.324974e-05
7.270000e+00 -1.357671e-05
7.275000e+00 -1.389114e-05
7.280000e+00 -1.419296e-05
7.285000e+00 -1.448212e-05
7.290000e+00 -1.475859e-05
7.295000e+00 -1.502233e-05
7.300000e+00 -1.527332e-05
7.305000e+00 -1.551153e-05
7.310000e+00 -1.573697e-05
7.315000e+00 -1.594963e-05
7.320000e+00 -1.614952e-05
7.325000e+00 -1.633665e-05
7.330000e+00 -1.651107e-05
7.335000e+00 -1.667278e-05
7.340000e+00 -1.682185e-05
7.345000e+00 -1.695831e-05
7.350000e+00 -1.708222e-05
7.355000e+00 -1.719365e-05
7.360000e+00 -1.729266e-05
7.365000e+00 -1.737934e-05
7.370000e+00 -1.745377e-05
7.375000e+00 -1.751604e-05
7.380000e+00 -1.756625e-05
7.385000e+00 -1.760451e-05
7.390000e+00 -1.763092e-05
7.395000e+00 -1.764561e-05
7.400000e+00 -1.764871e-05
7.405000e+00 -1.764033e-05
7.410000e+00 -1.762063e-05
7.415000e+00 -1.758973e-05
7.420000e+00 -1.754780e-05
7.425000e+00 -1.749497e-05
7.430000e+00 -1.743142e-05
7.435000e+00 -1.735731e-05
7.440000e+00 -1.727279e-05
7.445000e+00 -1.717806e-05
7.450000e+00 -1.707328e-05
7.455000e+00 -1.695864e-05
7.460000e+00 -1.683432e-05
7.465000e+00 -1.670052e-05
7.470000e+00 -1.655743e-05
7.475000e+00 -1.640525e-05
7.480000e+00 -1.624418e-05
7.485000e+00 -1.607443e-05
7.490000e+00 -1.589621e-05
7.495000e+00 -1.570973e-05
7.500000e+00 -1.551519e-05
7.505000e+00 -1.531284e-05
7.510000e+00 -1.510287e-05
7.515000e+00 -1.488552e-05
7.520000e+00 -1.466100e-05
7.525000e+00 -1.442956e-05
7.530000e+00 -1.419141e-05
7.535000e+00 -1.394678e-05
7.540000e+00 -1.369591e-05
7.545000e+00 -1.343904e-05
7.550000e+00 -1.317639e-05
7.555000e+00 -1.290820e-05
7.560000e+00 -1.263472e-05
7.565000e+00 -1.235616e-05
7.570000e+00 -1.207279e-05
7.575000e+00 -1.178482e-05
7.580000e+00 -1.149251e-05
7.585000e+00 -1.119608e-05
7.590000e+00 -1.089579e-05
7.595000e+00 -1.059186e-05
7.600000e+00 -1.028454e-05
7.605000e+00 -9.974053e-06
7.610000e+00 -9.660651e-06
7.615000e+00 -9.344564e-06
7.620000e+00 -9.026027e-06
7.625000e+00 -8.705274e-06
7.630000e+00 -8.382539e-06
7.635000e+00 -8.058051e-06
7.640000e+00 -7.732042e-06
7.645000e+00 -7.404740e-06
7.650000e+00 -7.076370e-06
7.655000e+00 -6.747157e-06
7.660000e+00 -6.417325e-06
7.665000e+00 -6.087093e-06
7.670000e+00 -5.756679e-06
7.675000e+00 -5.426300e-06
7.680000e+00 -5.096169e-06
7.685000e+00 -4.766495e-06
7.690000e+00 -4.437489e-06
7.695000e+00 -4.109353e-06
7.700000e+00 -3.782292e-06
7.705000e+00 -3.456504e-06
7.710000e+00 -3.132186e-06
7.715000e+00 -2.809530e-06
7.720000e+00 -2.488726e-06
7.725000e+00 -2.169962e-06
7.730000e+00 -1.853419e-06
7.735000e+00 -1.539277e-06
7.740000e+00 -1.227713e-06
7.745000e+00 -9.188974e-07
7.750000e+00 -6.130000e-07
7.755000e+00 -3.101851e-07
7.760000e+00 -1.061354e-08
7.765000e+00 2.855578e-07
7.770000e+00 5.781761e-07
7.775000e+00 8.670924e-07
7.780000e+00 1.152162e-06
7.785000e+00 1.433244e-06
7.790000e+00 1.710202e-06
7.795000e+00 1.982904e-06
7.800000e+00 2.251222e-06
7.805000e+00 2.515032e-06
7.810000e+00 2.774214e-06
7.815000e+00 3.028654e-06
7.820000e+00 3.278241e-06
7.825000e+00 3.522869e-06
7.830000e+00 3.762435e-06
7.835000e+00 3.996842e-06
7.840000e+00 4.225998e-06
7.845000e+00 4.449814e-06
7.850000e+00 4.668204e-06
7.855000e+00 4.881091e-06
7.860000e+00 5.088399e-06
7.865000e+00 5.290056e-06
7.870000e+00 5.485997e-06
7.875000e+00 5.676160e-06
7.880000e+00 5.860487e-06
7.885000e+00 6.038926e-06
7.890000e+00 6.211427e-06
7.895000e+00 6.377947e-06
7.900000e+00 6.538446e-06
7.905000e+00 6.692888e-06
7.910000e+00 6.841242e-06
7.915000e+00 6.983482e-06
7.920000e+00 7.119584e-06
7.925000e+00 7.249531e-06
7.930000e+00 7.373307e-06
7.935000e+00 7.490903e-06
7.940000e+00 7.602314e-06
7.945000e+00 7.707536e-06
7.950000e+00 7.806573e-06
7.955000e+00 7.899429e-06
7.960000e+00 7.986116e-06
7.965000e+00 8.066647e-06
7.970000e+00 8.141040e-06
7.975000e+00 8.209317e-06
7.980000e+00 8.271501e-06
7.985000e+00 8.327623e-06
7.990000e+00 8.377715e-06
7.995000e+00 8.421812e-06
8 8.459955e-06
8.005000e+00 8.492185e-06
8.010000e+00 8.518550e-06
8.015000e+00 8.539097e-06
8.020000e+00 8.553881e-06
8.025000e+00 8.562956e-06
8.030000e+00 8.566383e-06
8.035000e+00 8.564221e-06
8.040000e+00 8.556536e-06
8.045000e+00 8.543396e-06
8.050000e+00 8.524871e-06
8.055000e+00 8.501033e-06
8.060000e+00 8.471959e-06
8.065000e+00 8.437726e-06
8.070000e+00 8.398416e-06
8.075000e+00 8.354110e-06
8.080000e+00 8.304894e-06
8.085000e+00 8.250856e-06
8.090000e+00 8.192085e-06
8.095000e+00 8.128672e-06
8.100000e+00 8.060712e-06
8.105000e+00 7.988299e-06
8.110000e+00 7.911531e-06
8.115000e+00 7.830506e-06
8.120000e+00 7.745326e-06
8.125000e+00 7.656093e-06
8.130000e+00 7.562909e-06
8.135000e+00 7.465881e-06
8.140000e+00 7.365114e-06
8.145000e+00 7.260715e-06
8.150000e+00 7.152794e-06
8.155000e+00 7.041459e-06
8.160000e+00 6.926822e-06
8.165000e+00 6.808994e-06
8.170000e+00 6.688088e-06
8.175000e+00 6.564216e-06
8.180000e+00 6.437492e-06
8.185000e+00 6.308030e-06
8.190000e+00 6.175945e-06
8.195000e+00 6.041352e-06
8.200000e+00 5.904366e-06
8.205000e+00 5.765104e-06
8.210000e+00 5.623680e-06
8.215000e+00 5.480211e-06
8.220000e+00 5.334813e-06
8.225000e+00 5.187602e-06
8.230000e+00 5.038692e-06
8.235000e+00 4.888201e-06
8.240000e+00 4.736243e-06
8.245000e+00 4.582932e-06
8.250000e+00 4.428384e-06
8.255000e+00 4.272712e-06
8.260000e+00 4.116030e-06
8.265000e+00 3.958450e-06
8.270000e+00 3.800085e-06
8.275000e+00 3.641046e-06
8.280000e+00 3.481443e-06
8.285000e+00 3.321386e-06
8.290000e+00 3.160983e-06
8.295000e+00 3.000343e-06
8.300000e+00 2.839572e-06
8.305000e+00 2.678776e-06
8.310000e+00 2.518058e-06
8.315000e+00 2.357521e-06
8.320000e+00 2.197269e-06
8.325000e+00 2.037400e-06
8.330000e+00 1.878015e-06
8.335000e+00 1.719211e-06
8.340000e+00 1.561083e-06
8.345000e+00 1.403728e-06
8.350000e+00 1.247237e-06
8.355000e+00 1.091703e-06
8.360000e+00 9.372141e-07
8.365000e+00 7.838601e-07
8.370000e+00 6.317267e-07
8.375000e+00 4.808988e-07
8.380000e+00 3.314591e-07
8.385000e+00 1.834887e-07
8.390000e+00 3.706678e-08
8.395000e+00 -1.077294e-07
8.400000e+00 -2.508245e-07
8.405000e+00 -3.921450e-07
8.410000e+00 -5.316196e-07
8.415000e+00 -6.691788e-07
8.420000e+00 -8.047552e-07
8.425000e+00 -9.382834e-07
8.430000e+00 -1.069700e-06
8.435000e+00 -1.198944e-06
8.440000e+00 -1.325956e-06
8.445000e+00 -1.450679e-06
8.450000e+00 -1.573058e-06
8.455000e+00 -1.693041e-06
8.460000e+00 -1.810576e-06
8.465000e+00 -1.925616e-06
8.470000e+00 -2.038113e-06
8.475000e+00 -2.148024e-06
8.480000e+00 -2.255307e-06
8.485000e+00 -2.359922e-06
8.490000e+00 -2.461831e-06
8.495000e+00 -2.560998e-06
8.500000e+00 -2.657391e-06
8.505000e+00 -2.750979e-06
8.510000e+00 -2.841732e-06
8.515000e+00 -2.929623e-06
8.520000e+00 -3.014628e-06
8.525000e+00 -3.096724e-06
8.530000e+00 -3.175891e-06
8.535000e+00 -3.252111e-06
8.540000e+00 -3.325367e-06
8.545000e+00 -3.395646e-06
8.550000e+00 -3.462934e-06
8.555000e+00 -3.527224e-06
8.560000e+00 -3.588506e-06
8.565000e+00 -3.646774e-06
8.570000e+00 -3.702026e-06
8.575000e+00 -3.754259e-06
8.580000e+00 -3.803473e-06
8.585000e+00 -3.849670e-06
8.590000e+00 -3.892855e-06
8.595000e+00 -3.933032e-06
8.600000e+00 -3.970211e-06
8.605000e+00 -4.004401e-06
8.610000e+00 -4.035612e-06
8.615000e+00 -4.063860e-06
8.620000e+00 -4.089157e-06
8.625000e+00 -4.111522e-06
8.630000e+00 -4.130972e-06
8.635000e+00 -4.147529e-06
8.640000e+00 -4.161213e-06
8.645000e+00 -4.172047e-06
8.650000e+00 -4.180058e-06
8.655000e+00 -4.185272e-06
8.660000e+00 -4.187716e-06
8.665000e+00 -4.187420e-06
8.670000e+00 -4.184415e-06
8.675000e+00 -4.178734e-06
8.680000e+00 -4.170410e-06
8.685000e+00 -4.159477e-06
8.690000e+00 -4.145974e-06
8.695000e+00 -4.129936e-06
8.700000e+00 -4.111404e-06
8.705000e+00 -4.090416e-06
8.710000e+00 -4.067014e-06
8.715000e+00 -4.041241e-06
8.720000e+00 -4.013139e-06
8.725000e+00 -3.982753e-06
8.730000e+00 -3.950128e-06
8.735000e+00 -3.915311e-06
8.740000e+00 -3.878347e-06
8.745000e+00 -3.839287e-06
8.750000e+00 -3.798178e-06
8.755000e+00 -3.755069e-06
8.760000e+00 -3.710012e-06
8.765000e+00 -3.663056e-06
8.770000e+00 -3.614255e-06
8.775000e+00 -3.563660e-06
8.780000e+00 -3.511323e-06
8.785000e+00 -3.457299e-06
8.790000e+00 -3.401641e-06
8.795000e+00 -3.344404e-06
8.800000e+00 -3.285642e-06
8.805000e+00 -3.225410e-06
8.810000e+00 -3.163764e-06
8.815000e+00 -3.100759e-06
8.820000e+00 -3.036452e-06
8.825000e+00 -2.970899e-06
8.830000e+00 -2.904155e-06
8.835000e+00 -2.836279e-06
8.840000e+00 -2.767325e-06
8.845000e+00 -2.697352e-06
8.850000e+00 -2.626415e-06
8.855000e+00 -2.554571e-06
8.860000e+00 -2.481877e-06
8.865000e+00 -2.408390e-06
8.870000e+00 -2.334165e-06
8.875000e+00 -2.259260e-06
8.880000e+00 -2.183730e-06
8.885000e+00 -2.107631e-06
8.890000e+00 -2.031019e-06
8.895000e+00 -1.953949e-06
8.900000e+00 -1.876476e-06
8.905000e+00 -1.798654e-06
8.910000e+00 -1.720539e-06
8.915000e+00 -1.642183e-06
8.920000e+00 -1.563641e-06
8.925000e+00 -1.484964e-06
8.930000e+00 -1.406207e-06
8.935000e+00 -1.327419e-06
8.940000e+00 -1.248653e-06
8.945000e+00 -1.169959e-06
8.950000e+00 -1.091388e-06
8.955000e+00 -1.012989e-06
8.960000e+00 -9.348106e-07
8.965000e+00 -8.569010e-07
8.970000e+00 -7.793077e-07
8.975000e+00 -7.020773e-07
8.980000e+00 -6.252558e-07
8.985000e+00 -5.488882e-07
8.990000e+00 -4.730190e-07
8.995000e+00 -3.976916e-07
9 -3.229487e-07
9.005000e+00 -2.488321e-07
9.010000e+00 -1.753829e-07
9.015000e+00 -1.026410e-07
9.020000e+00 -3.064559e-08
9.025000e+00 4.056503e-08
9.030000e+00 1.109536e-07
9.035000e+00 1.804837e-07
9.040000e+00 2.491200e-07
9.045000e+00 3.168281e-07
9.050000e+00 3.835745e-07
9.055000e+00 4.493268e-07
9.060000e+00 5.140535e-07
9.065000e+00 5.777242e-07
9.070000e+00 6.403096e-07
9.075000e+00 7.017811e-07
9.080000e+00 7.621116e-07
9.085000e+00 8.212748e-07
9.090000e+00 8.792453e-07
9.095000e+00 9.359989e-07
9.100000e+00 9.915127e-07
9.105000e+00 1.045764e-06
9.110000e+00 1.098733e-06
9.115000e+00 1.150399e-06
9.120000e+00 1.200743e-06
9.125000e+00 1.249747e-06
9.130000e+00 1.297394e-06
9.135000e+00 1.343670e-06
9.140000e+00 1.388559e-06
9.145000e+00 1.432047e-06
9.150000e+00 1.474123e-06
9.155000e+00 1.514774e-06
9.160000e+00 1.553991e-06
9.165000e+00 1.591763e-06
9.170000e+00 1.628084e-06
9.175000e+00 1.662944e-06
9.180000e+00 1.696339e-06
9.185000e+00 1.728262e-06
9.190000e+00 1.758710e-06
9.195000e+00 1.787679e-06
9.200000e+00 1.815167e-06
9.205000e+00 1.841173e-06
9.210000e+00 1.865697e-06
9.215000e+00 1.888738e-06
9.220000e+00 1.910299e-06
9.225000e+00 1.930383e-06
9.230000e+00 1.948992e-06
9.235000e+00 1.966132e-06
9.240000e+00 1.981807e-06
9.245000e+00 1.996024e-06
9.250000e+00 2.008789e-06
9.255000e+00 2.020111e-06
9.260000e+00 2.029999e-06
9.265000e+00 2.038461e-06
9.270000e+00 2.045509e-06
9.275000e+00 2.051154e-06
9.280000e+00 2.055407e-06
9.285000e+00 2.058281e-06
9.290000e+00 2.059790e-06
9.295000e+00 2.059949e-06
9.300000e+00 2.058771e-06
9.305000e+00 2.056273e-06
9.310000e+00 2.052471e-06
9.315000e+00 2.047382e-06
9.320000e+00 2.041023e-06
9.325000e+00 2.033414e-06
9.330000e+00 2.024572e-06
9.335000e+00 2.014517e-06
9.340000e+00 2.003270e-06
9.345000e+00 1.990850e-06
9.350000e+00 1.977279e-06
9.355000e+00 1.962578e-06
9.360000e+00 1.946770e-06
9.365000e+00 1.929877e-06
9.370000e+00 1.911922e-06
9.375000e+00 1.892929e-06
9.380000e+00 1.872921e-06
9.385000e+00 1.851922e-06
9.390000e+00 1.829958e-06
9.395000e+00 1.807053e-06
9.400000e+00 1.783232e-06
9.405000e+00 1.758522e-06
9.410000e+00 1.732947e-06
9.415000e+00 1.706535e-06
9.420000e+00 1.679311e-06
9.425000e+00 1.651302e-06
9.430000e+00 1.622535e-06
9.435000e+00 1.593038e-06
9.440000e+00 1.562836e-06
9.445000e+00 1.531959e-06
9.450000e+00 1.500432e-06
9.455000e+00 1.468284e-06
9.460000e+00 1.435543e-06
9.465000e+00 1.402236e-06
9.470000e+00 1.368391e-06
9.475000e+00 1.334036e-06
9.480000e+00 1.299199e-06
9.485000e+00 1.263908e-06
9.490000e+00 1.228190e-06
9.495000e+00 1.192075e-06
9.500000e+00 1.155588e-06
9.505000e+00 1.118758e-06
9.510000e+00 1.081614e-06
9.515000e+00 1.044181e-06
9.520000e+00 1.006488e-06
9.525000e+00 9.685620e-07
9.530000e+00 9.304302e-07
9.535000e+00 8.921193e-07
9.540000e+00 8.536563e-07
9.545000e+00 8.150677e-07
9.550000e+00 7.763799e-07
9.555000e+00 7.376190e-07
9.560000e+00 6.988109e-07
9.565000e+00 6.599812e-07
9.570000e+00 6.211553e-07
9.575000e+00 5.823583e-07
9.580000e+00 5.436150e-07
9.585000e+00 5.049498e-07
9.590000e+00 4.663870e-07
9.595000e+00 4.279502e-07
9.600000e+00 3.896630e-07
9.605000e+00 3.515485e-07
9.610000e+00 3.136295e-07
9.615000e+00 2.759283e-07
9.620000e+00 2.384668e-07
9.625000e+00 2.012668e-07
9.630000e+00 1.643493e-07
9.635000e+00 1.277350e-07
9.640000e+00 9.144442e-08
9.645000e+00 5.549732e-08
9.650000e+00 1.991318e-08
9.655000e+00 -1.528900e-08
9.660000e+00 -5.009068e-08
9.665000e+00 -8.447379e-08
9.670000e+00 -1.184207e-07
9.675000e+00 -1.519143e-07
9.680000e+00 -1.849380e-07
9.685000e+00 -2.174756e-07
9.690000e+00 -2.495114e-07
9.695000e+00 -2.810302e-07
9.700000e+00 -3.120175e-07
9.705000e+00 -3.424590e-07
9.710000e+00 -3.723411e-07
9.715000e+00 -4.016507e-07
9.720000e+00 -4.303751e-07
9.725000e+00 -4.585023e-07
9.730000e+00 -4.860207e-07
9.735000e+00 -5.129192e-07
9.740000e+00 -5.391872e-07
9.745000e+00 -5.648149e-07
9.750000e+00 -5.897926e-07
9.755000e+00 -6.141115e-07
9.760000e+00 -6.377631e-07
9.765000e+00 -6.607394e-07
9.770000e+00 -6.830332e-07
9.775000e+00 -7.046376e-07
9.780000e+00 -7.255461e-07
9.785000e+00 -7.457530e-07
9.790000e+00 -7.652530e-07
9.795000e+00 -7.840414e-07
9.800000e+00 -8.021137e-07
9.805000e+00 -8.194663e-07
9.810000e+00 -8.360960e-07
9.815000e+00 -8.519999e-07
9.820000e+00 -8.671758e-07
9.825000e+00 -8.816220e-07
9.830000e+00 -8.953371e-07
9.835000e+00 -9.083205e-07
9.840000e+00 -9.205718e-07
9.845000e+00 -9.320912e-07
9.850000e+00 -9.428793e-07
9.855000e+00 -9.529373e-07
9.860000e+00 -9.622668e-07
9.865000e+00 -9.708697e-07
9.870000e+00 -9.787486e-07
9.875000e+00 -9.859063e-07
9.880000e+00 -9.923462e-07
9.885000e+00 -9.980722e-07
9.890000e+00 -1.003088e-06
9.895000e+00 -1.007399e-06
9.900000e+00 -1.011010e-06
9.905000e+00 -1.013926e-06
9.910000e+00 -1.016153e-06
9.915000e+00 -1.017697e-06
9.920000e+00 -1.018565e-06
9.925000e+00 -1.018764e-06
9.930000e+00 -1.018301e-06
9.935000e+00 -1.017183e-06
9.940000e+00 -1.015419e-06
9.945000e+00 -1.013017e-06
9.950000e+00 -1.009985e-06
9.955000e+00 -1.006333e-06
9.960000e+00 -1.002069e-06
9.965000e+00 -9.972038e-07
9.970000e+00 -9.917462e-07
9.975000e+00 -9.857066e-07
9.980000e+00 -9.790955e-07
9.985000e+00 -9.719233e-07
9.990000e+00 -9.642010e-07
9.995000e+00 -9.559395e-07
10 -9.471503e-07
